 b0              i(Vout)         i(Vout1)        i(Vout2)        i(V3)           v(b0)           v(b1)           v(b2)           v(b3)           v(b4)           v(b5)           v(b6)          
 0.00000000e+00  2.79511692e-11  9.30510468e-10  1.13580794e-11 -3.40315241e-06  0.00000000e+00  0.00000000e+00  0.00000000e+00  0.00000000e+00  0.00000000e+00  0.00000000e+00  0.00000000e+00 
 1.80000000e+00  2.66306795e-08  9.29999040e-10  2.56840809e-08 -3.40315242e-06  1.80000000e+00  0.00000000e+00  0.00000000e+00  0.00000000e+00  0.00000000e+00  0.00000000e+00  0.00000000e+00 
 0.00000000e+00  5.11098658e-08  9.29872141e-10  5.01701698e-08 -3.40315240e-06  0.00000000e+00  1.80000000e+00  0.00000000e+00  0.00000000e+00  0.00000000e+00  0.00000000e+00  0.00000000e+00 
 1.80000000e+00  7.67746955e-08  9.29790672e-10  7.58454520e-08 -3.40315241e-06  1.80000000e+00  1.80000000e+00  0.00000000e+00  0.00000000e+00  0.00000000e+00  0.00000000e+00  0.00000000e+00 
 0.00000000e+00  1.01556330e-07  9.29733571e-10  1.00638439e-07 -3.40315232e-06  0.00000000e+00  0.00000000e+00  1.80000000e+00  0.00000000e+00  0.00000000e+00  0.00000000e+00  0.00000000e+00 
 1.80000000e+00  1.27219412e-07  9.29686590e-10  1.26313922e-07 -3.40315233e-06  1.80000000e+00  0.00000000e+00  1.80000000e+00  0.00000000e+00  0.00000000e+00  0.00000000e+00  0.00000000e+00 
 0.00000000e+00  1.51693840e-07  9.29649260e-10  1.50800480e-07 -3.40315231e-06  0.00000000e+00  1.80000000e+00  1.80000000e+00  0.00000000e+00  0.00000000e+00  0.00000000e+00  0.00000000e+00 
 1.80000000e+00  1.77356465e-07  9.29615445e-10  1.76475958e-07 -3.40315231e-06  1.80000000e+00  1.80000000e+00  1.80000000e+00  0.00000000e+00  0.00000000e+00  0.00000000e+00  0.00000000e+00 
 0.00000000e+00  2.09667575e-07  9.29578610e-10  2.08803273e-07 -3.40315252e-06  0.00000000e+00  0.00000000e+00  0.00000000e+00  1.80000000e+00  0.00000000e+00  0.00000000e+00  0.00000000e+00 
 1.80000000e+00  2.35330182e-07  9.29552792e-10  2.34478683e-07 -3.40315252e-06  1.80000000e+00  0.00000000e+00  0.00000000e+00  1.80000000e+00  0.00000000e+00  0.00000000e+00  0.00000000e+00 
 0.00000000e+00  2.59804461e-07  9.29530276e-10  2.58965074e-07 -3.40315250e-06  0.00000000e+00  1.80000000e+00  0.00000000e+00  1.80000000e+00  0.00000000e+00  0.00000000e+00  0.00000000e+00 
 1.80000000e+00  2.85467275e-07  9.29508534e-10  2.84640459e-07 -3.40315250e-06  1.80000000e+00  1.80000000e+00  0.00000000e+00  1.80000000e+00  0.00000000e+00  0.00000000e+00  0.00000000e+00 
 0.00000000e+00  3.10248543e-07  9.29488949e-10  3.09433723e-07 -3.40315241e-06  0.00000000e+00  0.00000000e+00  1.80000000e+00  1.80000000e+00  0.00000000e+00  0.00000000e+00  0.00000000e+00 
 1.80000000e+00  3.35911776e-07  9.29469860e-10  3.35109220e-07 -3.40315241e-06  1.80000000e+00  0.00000000e+00  1.80000000e+00  1.80000000e+00  0.00000000e+00  0.00000000e+00  0.00000000e+00 
 0.00000000e+00  3.60386873e-07  9.29453219e-10  3.59595858e-07 -3.40315239e-06  0.00000000e+00  1.80000000e+00  1.80000000e+00  1.80000000e+00  0.00000000e+00  0.00000000e+00  0.00000000e+00 
 1.80000000e+00  3.86050414e-07  9.29436398e-10  3.85271331e-07 -3.40315239e-06  1.80000000e+00  1.80000000e+00  1.80000000e+00  1.80000000e+00  0.00000000e+00  0.00000000e+00  0.00000000e+00 
 0.00000000e+00  4.20813109e-07  9.29414655e-10  4.20049913e-07 -3.40314566e-06  0.00000000e+00  0.00000000e+00  0.00000000e+00  0.00000000e+00  1.80000000e+00  0.00000000e+00  0.00000000e+00 
 1.80000000e+00  4.46477467e-07  9.29400123e-10  4.45725795e-07 -3.40314563e-06  1.80000000e+00  0.00000000e+00  0.00000000e+00  0.00000000e+00  1.80000000e+00  0.00000000e+00  0.00000000e+00 
 0.00000000e+00  4.70953490e-07  9.29386535e-10  4.70212648e-07 -3.40314558e-06  0.00000000e+00  1.80000000e+00  0.00000000e+00  0.00000000e+00  1.80000000e+00  0.00000000e+00  0.00000000e+00 
 1.80000000e+00  4.96618160e-07  9.29372851e-10  4.95888509e-07 -3.40314556e-06  1.80000000e+00  1.80000000e+00  0.00000000e+00  0.00000000e+00  1.80000000e+00  0.00000000e+00  0.00000000e+00 
 0.00000000e+00  5.21401213e-07  9.29360248e-10  5.20682209e-07 -3.40314543e-06  0.00000000e+00  0.00000000e+00  1.80000000e+00  0.00000000e+00  1.80000000e+00  0.00000000e+00  0.00000000e+00 
 1.80000000e+00  5.47066318e-07  9.29347583e-10  5.46358179e-07 -3.40314540e-06  1.80000000e+00  0.00000000e+00  1.80000000e+00  0.00000000e+00  1.80000000e+00  0.00000000e+00  0.00000000e+00 
 0.00000000e+00  5.71543212e-07  9.29335837e-10  5.70845284e-07 -3.40314535e-06  0.00000000e+00  1.80000000e+00  1.80000000e+00  0.00000000e+00  1.80000000e+00  0.00000000e+00  0.00000000e+00 
 1.80000000e+00  5.97208613e-07  9.29324076e-10  5.96521238e-07 -3.40314532e-06  1.80000000e+00  1.80000000e+00  1.80000000e+00  0.00000000e+00  1.80000000e+00  0.00000000e+00  0.00000000e+00 
 0.00000000e+00  6.29523235e-07  9.29309700e-10  6.28848928e-07 -3.40314543e-06  0.00000000e+00  0.00000000e+00  0.00000000e+00  1.80000000e+00  1.80000000e+00  0.00000000e+00  0.00000000e+00 
 1.80000000e+00  6.55188893e-07  9.29298530e-10  6.54524796e-07 -3.40314540e-06  1.80000000e+00  0.00000000e+00  0.00000000e+00  1.80000000e+00  1.80000000e+00  0.00000000e+00  0.00000000e+00 
 0.00000000e+00  6.79666220e-07  9.29288426e-10  6.79011723e-07 -3.40314534e-06  0.00000000e+00  1.80000000e+00  0.00000000e+00  1.80000000e+00  1.80000000e+00  0.00000000e+00  0.00000000e+00 
 1.80000000e+00  7.05332150e-07  9.29277976e-10  7.04687580e-07 -3.40314531e-06  1.80000000e+00  1.80000000e+00  0.00000000e+00  1.80000000e+00  1.80000000e+00  0.00000000e+00  0.00000000e+00 
 0.00000000e+00  7.30116675e-07  9.29267720e-10  7.29481557e-07 -3.40314517e-06  0.00000000e+00  0.00000000e+00  1.80000000e+00  1.80000000e+00  1.80000000e+00  0.00000000e+00  0.00000000e+00 
 1.80000000e+00  7.55782990e-07  9.29258131e-10  7.55157526e-07 -3.40314514e-06  1.80000000e+00  0.00000000e+00  1.80000000e+00  1.80000000e+00  1.80000000e+00  0.00000000e+00  0.00000000e+00 
 0.00000000e+00  7.80261104e-07  9.29248862e-10  7.79644724e-07 -3.40314507e-06  0.00000000e+00  1.80000000e+00  1.80000000e+00  1.80000000e+00  1.80000000e+00  0.00000000e+00  0.00000000e+00 
 1.80000000e+00  8.05927674e-07  9.29239324e-10  8.05320691e-07 -3.40314504e-06  1.80000000e+00  1.80000000e+00  1.80000000e+00  1.80000000e+00  1.80000000e+00  0.00000000e+00  0.00000000e+00 
 0.00000000e+00  8.71815420e-07  9.29215923e-10  8.71231985e-07 -3.40305776e-06  0.00000000e+00  0.00000000e+00  0.00000000e+00  0.00000000e+00  0.00000000e+00  1.80000000e+00  0.00000000e+00 
 1.80000000e+00  8.97482277e-07  9.29206949e-10  8.96907799e-07 -3.40305710e-06  1.80000000e+00  0.00000000e+00  0.00000000e+00  0.00000000e+00  0.00000000e+00  1.80000000e+00  0.00000000e+00 
 0.00000000e+00  9.21960704e-07  9.29199020e-10  9.21394659e-07 -3.40305643e-06  0.00000000e+00  1.80000000e+00  0.00000000e+00  0.00000000e+00  0.00000000e+00  1.80000000e+00  0.00000000e+00 
 1.80000000e+00  9.47627779e-07  9.29190511e-10  9.47070466e-07 -3.40305574e-06  1.80000000e+00  1.80000000e+00  0.00000000e+00  0.00000000e+00  0.00000000e+00  1.80000000e+00  0.00000000e+00 
 0.00000000e+00  9.72413212e-07  9.29182365e-10  9.71864226e-07 -3.40305496e-06  0.00000000e+00  0.00000000e+00  1.80000000e+00  0.00000000e+00  0.00000000e+00  1.80000000e+00  0.00000000e+00 
 1.80000000e+00  9.98080604e-07  9.29174271e-10  9.97540133e-07 -3.40305426e-06  1.80000000e+00  0.00000000e+00  1.80000000e+00  0.00000000e+00  0.00000000e+00  1.80000000e+00  0.00000000e+00 
 0.00000000e+00  1.02255971e-06  9.29166577e-10  1.02202726e-06 -3.40305354e-06  0.00000000e+00  1.80000000e+00  1.80000000e+00  0.00000000e+00  0.00000000e+00  1.80000000e+00  0.00000000e+00 
 1.80000000e+00  1.04822731e-06  9.29158743e-10  1.04770317e-06 -3.40305281e-06  1.80000000e+00  1.80000000e+00  1.80000000e+00  0.00000000e+00  0.00000000e+00  1.80000000e+00  0.00000000e+00 
 0.00000000e+00  1.08054488e-06  9.29148964e-10  1.08003106e-06 -3.40305195e-06  0.00000000e+00  0.00000000e+00  0.00000000e+00  1.80000000e+00  0.00000000e+00  1.80000000e+00  0.00000000e+00 
 1.80000000e+00  1.10621259e-06  9.29141196e-10  1.10570686e-06 -3.40305119e-06  1.80000000e+00  0.00000000e+00  0.00000000e+00  1.80000000e+00  0.00000000e+00  1.80000000e+00  0.00000000e+00 
 0.00000000e+00  1.13069191e-06  9.29134159e-10  1.13019380e-06 -3.40305041e-06  0.00000000e+00  1.80000000e+00  0.00000000e+00  1.80000000e+00  0.00000000e+00  1.80000000e+00  0.00000000e+00 
 1.80000000e+00  1.15635981e-06  9.29126746e-10  1.15586960e-06 -3.40304961e-06  1.80000000e+00  1.80000000e+00  0.00000000e+00  1.80000000e+00  0.00000000e+00  1.80000000e+00  0.00000000e+00 
 0.00000000e+00  1.18114635e-06  9.29119526e-10  1.18066368e-06 -3.40304871e-06  0.00000000e+00  0.00000000e+00  1.80000000e+00  1.80000000e+00  0.00000000e+00  1.80000000e+00  0.00000000e+00 
 1.80000000e+00  1.20681453e-06  9.29112466e-10  1.20633958e-06 -3.40304788e-06  1.80000000e+00  0.00000000e+00  1.80000000e+00  1.80000000e+00  0.00000000e+00  1.80000000e+00  0.00000000e+00 
 0.00000000e+00  1.23129449e-06  9.29105669e-10  1.23082681e-06 -3.40304704e-06  0.00000000e+00  1.80000000e+00  1.80000000e+00  1.80000000e+00  0.00000000e+00  1.80000000e+00  0.00000000e+00 
 1.80000000e+00  1.25696287e-06  9.29098555e-10  1.25650274e-06 -3.40304618e-06  1.80000000e+00  1.80000000e+00  1.80000000e+00  1.80000000e+00  0.00000000e+00  1.80000000e+00  0.00000000e+00 
 0.00000000e+00  1.29173378e-06  9.29089260e-10  1.29128375e-06 -3.40303709e-06  0.00000000e+00  0.00000000e+00  0.00000000e+00  0.00000000e+00  1.80000000e+00  1.80000000e+00  0.00000000e+00 
 1.80000000e+00  1.31740269e-06  9.29082389e-10  1.31696001e-06 -3.40303613e-06  1.80000000e+00  0.00000000e+00  0.00000000e+00  0.00000000e+00  1.80000000e+00  1.80000000e+00  0.00000000e+00 
 0.00000000e+00  1.34188319e-06  9.29075891e-10  1.34144744e-06 -3.40303517e-06  0.00000000e+00  1.80000000e+00  0.00000000e+00  0.00000000e+00  1.80000000e+00  1.80000000e+00  0.00000000e+00 
 1.80000000e+00  1.36755227e-06  9.29069306e-10  1.36712372e-06 -3.40303417e-06  1.80000000e+00  1.80000000e+00  0.00000000e+00  0.00000000e+00  1.80000000e+00  1.80000000e+00  0.00000000e+00 
 0.00000000e+00  1.39233995e-06  9.29062880e-10  1.39191827e-06 -3.40303306e-06  0.00000000e+00  0.00000000e+00  1.80000000e+00  0.00000000e+00  1.80000000e+00  1.80000000e+00  0.00000000e+00 
 1.80000000e+00  1.41800929e-06  9.29056365e-10  1.41759466e-06 -3.40303201e-06  1.80000000e+00  0.00000000e+00  1.80000000e+00  0.00000000e+00  1.80000000e+00  1.80000000e+00  0.00000000e+00 
 0.00000000e+00  1.44249038e-06  9.29050148e-10  1.44208241e-06 -3.40303095e-06  0.00000000e+00  1.80000000e+00  1.80000000e+00  0.00000000e+00  1.80000000e+00  1.80000000e+00  0.00000000e+00 
 1.80000000e+00  1.46815991e-06  9.29043897e-10  1.46775883e-06 -3.40302985e-06  1.80000000e+00  1.80000000e+00  1.80000000e+00  0.00000000e+00  1.80000000e+00  1.80000000e+00  0.00000000e+00 
 0.00000000e+00  1.50047992e-06  9.29035848e-10  1.50008743e-06 -3.40302842e-06  0.00000000e+00  0.00000000e+00  0.00000000e+00  1.80000000e+00  1.80000000e+00  1.80000000e+00  0.00000000e+00 
 1.80000000e+00  1.52614946e-06  9.29029615e-10  1.52576372e-06 -3.40302725e-06  1.80000000e+00  0.00000000e+00  0.00000000e+00  1.80000000e+00  1.80000000e+00  1.80000000e+00  0.00000000e+00 
 0.00000000e+00  1.55063068e-06  9.29023754e-10  1.55025131e-06 -3.40302608e-06  0.00000000e+00  1.80000000e+00  0.00000000e+00  1.80000000e+00  1.80000000e+00  1.80000000e+00  0.00000000e+00 
 1.80000000e+00  1.57630041e-06  9.29017705e-10  1.57592766e-06 -3.40302485e-06  1.80000000e+00  1.80000000e+00  0.00000000e+00  1.80000000e+00  1.80000000e+00  1.80000000e+00  0.00000000e+00 
 0.00000000e+00  1.60108910e-06  9.29011704e-10  1.60072268e-06 -3.40302350e-06  0.00000000e+00  0.00000000e+00  1.80000000e+00  1.80000000e+00  1.80000000e+00  1.80000000e+00  0.00000000e+00 
 1.80000000e+00  1.62675907e-06  9.29005758e-10  1.62639913e-06 -3.40302220e-06  1.80000000e+00  0.00000000e+00  1.80000000e+00  1.80000000e+00  1.80000000e+00  1.80000000e+00  0.00000000e+00 
 0.00000000e+00  1.65124092e-06  9.29000160e-10  1.65088711e-06 -3.40302090e-06  0.00000000e+00  1.80000000e+00  1.80000000e+00  1.80000000e+00  1.80000000e+00  1.80000000e+00  0.00000000e+00 
 1.80000000e+00  1.67691110e-06  9.28994220e-10  1.67656365e-06 -3.40301954e-06  1.80000000e+00  1.80000000e+00  1.80000000e+00  1.80000000e+00  1.80000000e+00  1.80000000e+00  0.00000000e+00 
 0.00000000e+00  1.69695489e-06  9.28989665e-10  1.69661237e-06 -3.40306104e-06  0.00000000e+00  0.00000000e+00  0.00000000e+00  0.00000000e+00  0.00000000e+00  0.00000000e+00  1.80000000e+00 
 1.80000000e+00  1.72260299e-06  9.28983864e-10  1.72226673e-06 -3.40304006e-06  1.80000000e+00  0.00000000e+00  0.00000000e+00  0.00000000e+00  0.00000000e+00  0.00000000e+00  1.80000000e+00 
 0.00000000e+00  1.74706292e-06  9.28978327e-10  1.74673257e-06 -3.40301953e-06  0.00000000e+00  1.80000000e+00  0.00000000e+00  0.00000000e+00  0.00000000e+00  0.00000000e+00  1.80000000e+00 
 1.80000000e+00  1.77271018e-06  9.28972671e-10  1.77238597e-06 -3.40299753e-06  1.80000000e+00  1.80000000e+00  0.00000000e+00  0.00000000e+00  0.00000000e+00  0.00000000e+00  1.80000000e+00 
 0.00000000e+00  1.79747541e-06  9.28967141e-10  1.79715707e-06 -3.40297563e-06  0.00000000e+00  0.00000000e+00  1.80000000e+00  0.00000000e+00  0.00000000e+00  0.00000000e+00  1.80000000e+00 
 1.80000000e+00  1.82312175e-06  9.28961592e-10  1.82280945e-06 -3.40295255e-06  1.80000000e+00  0.00000000e+00  1.80000000e+00  0.00000000e+00  0.00000000e+00  0.00000000e+00  1.80000000e+00 
 0.00000000e+00  1.84758015e-06  9.28956264e-10  1.84727355e-06 -3.40292996e-06  0.00000000e+00  1.80000000e+00  1.80000000e+00  0.00000000e+00  0.00000000e+00  0.00000000e+00  1.80000000e+00 
 1.80000000e+00  1.87322554e-06  9.28950670e-10  1.87292487e-06 -3.40290572e-06  1.80000000e+00  1.80000000e+00  1.80000000e+00  0.00000000e+00  0.00000000e+00  0.00000000e+00  1.80000000e+00 
 0.00000000e+00  1.90551277e-06  9.28943809e-10  1.90521949e-06 -3.40287421e-06  0.00000000e+00  0.00000000e+00  0.00000000e+00  1.80000000e+00  0.00000000e+00  0.00000000e+00  1.80000000e+00 
 1.80000000e+00  1.93115659e-06  9.28938376e-10  1.93086912e-06 -3.40284855e-06  1.80000000e+00  0.00000000e+00  0.00000000e+00  1.80000000e+00  0.00000000e+00  0.00000000e+00  1.80000000e+00 
 0.00000000e+00  1.95561245e-06  9.28933158e-10  1.95533047e-06 -3.40282343e-06  0.00000000e+00  1.80000000e+00  0.00000000e+00  1.80000000e+00  0.00000000e+00  0.00000000e+00  1.80000000e+00 
 1.80000000e+00  1.98125516e-06  9.28927851e-10  1.98097890e-06 -3.40279645e-06  1.80000000e+00  1.80000000e+00  0.00000000e+00  1.80000000e+00  0.00000000e+00  0.00000000e+00  1.80000000e+00 
 0.00000000e+00  2.00601628e-06  9.28922717e-10  2.00574549e-06 -3.40276959e-06  0.00000000e+00  0.00000000e+00  1.80000000e+00  1.80000000e+00  0.00000000e+00  0.00000000e+00  1.80000000e+00 
 1.80000000e+00  2.03165773e-06  9.28917394e-10  2.03139256e-06 -3.40274122e-06  1.80000000e+00  0.00000000e+00  1.80000000e+00  1.80000000e+00  0.00000000e+00  0.00000000e+00  1.80000000e+00 
 0.00000000e+00  2.05611152e-06  9.28912397e-10  2.05585167e-06 -3.40271342e-06  0.00000000e+00  1.80000000e+00  1.80000000e+00  1.80000000e+00  0.00000000e+00  0.00000000e+00  1.80000000e+00 
 1.80000000e+00  2.08175175e-06  9.28907125e-10  2.08149743e-06 -3.40268355e-06  1.80000000e+00  1.80000000e+00  1.80000000e+00  1.80000000e+00  0.00000000e+00  0.00000000e+00  1.80000000e+00 
 0.00000000e+00  2.11647236e-06  9.28900061e-10  2.11622546e-06 -3.40263165e-06  0.00000000e+00  0.00000000e+00  0.00000000e+00  0.00000000e+00  1.80000000e+00  0.00000000e+00  1.80000000e+00 
 1.80000000e+00  2.14211067e-06  9.28894954e-10  2.14186920e-06 -3.40259976e-06  1.80000000e+00  0.00000000e+00  0.00000000e+00  0.00000000e+00  1.80000000e+00  0.00000000e+00  1.80000000e+00 
 0.00000000e+00  2.16656125e-06  9.28890144e-10  2.16632491e-06 -3.40256851e-06  0.00000000e+00  1.80000000e+00  0.00000000e+00  0.00000000e+00  1.80000000e+00  0.00000000e+00  1.80000000e+00 
 1.80000000e+00  2.19219812e-06  9.28884955e-10  2.19196712e-06 -3.40253492e-06  1.80000000e+00  1.80000000e+00  0.00000000e+00  0.00000000e+00  1.80000000e+00  0.00000000e+00  1.80000000e+00 
 0.00000000e+00  2.21695345e-06  9.28880080e-10  2.21672757e-06 -3.40250145e-06  0.00000000e+00  0.00000000e+00  1.80000000e+00  0.00000000e+00  1.80000000e+00  0.00000000e+00  1.80000000e+00 
 1.80000000e+00  2.24258859e-06  9.28875164e-10  2.24236798e-06 -3.40246603e-06  1.80000000e+00  0.00000000e+00  1.80000000e+00  0.00000000e+00  1.80000000e+00  0.00000000e+00  1.80000000e+00 
 0.00000000e+00  2.26703637e-06  9.28870340e-10  2.26682073e-06 -3.40243131e-06  0.00000000e+00  1.80000000e+00  1.80000000e+00  0.00000000e+00  1.80000000e+00  0.00000000e+00  1.80000000e+00 
 1.80000000e+00  2.29266993e-06  9.28865446e-10  2.29245948e-06 -3.40239397e-06  1.80000000e+00  1.80000000e+00  1.80000000e+00  0.00000000e+00  1.80000000e+00  0.00000000e+00  1.80000000e+00 
 0.00000000e+00  2.32494183e-06  9.28859240e-10  2.32473785e-06 -3.40234516e-06  0.00000000e+00  0.00000000e+00  0.00000000e+00  1.80000000e+00  1.80000000e+00  0.00000000e+00  1.80000000e+00 
 1.80000000e+00  2.35057264e-06  9.28854339e-10  2.35037376e-06 -3.40230542e-06  1.80000000e+00  0.00000000e+00  0.00000000e+00  1.80000000e+00  1.80000000e+00  0.00000000e+00  1.80000000e+00 
 0.00000000e+00  2.37501622e-06  9.28849629e-10  2.37482216e-06 -3.40226646e-06  0.00000000e+00  1.80000000e+00  0.00000000e+00  1.80000000e+00  1.80000000e+00  0.00000000e+00  1.80000000e+00 
 1.80000000e+00  2.40064525e-06  9.28844845e-10  2.40045622e-06 -3.40222454e-06  1.80000000e+00  1.80000000e+00  0.00000000e+00  1.80000000e+00  1.80000000e+00  0.00000000e+00  1.80000000e+00 
 0.00000000e+00  2.42539351e-06  9.28840090e-10  2.42520931e-06 -3.40218277e-06  0.00000000e+00  0.00000000e+00  1.80000000e+00  1.80000000e+00  1.80000000e+00  0.00000000e+00  1.80000000e+00 
 1.80000000e+00  2.45102027e-06  9.28835399e-10  2.45084102e-06 -3.40213852e-06  1.80000000e+00  0.00000000e+00  1.80000000e+00  1.80000000e+00  1.80000000e+00  0.00000000e+00  1.80000000e+00 
 0.00000000e+00  2.47546030e-06  9.28830696e-10  2.47528574e-06 -3.40209510e-06  0.00000000e+00  1.80000000e+00  1.80000000e+00  1.80000000e+00  1.80000000e+00  0.00000000e+00  1.80000000e+00 
 1.80000000e+00  2.50108515e-06  9.28826039e-10  2.50091548e-06 -3.40204839e-06  1.80000000e+00  1.80000000e+00  1.80000000e+00  1.80000000e+00  1.80000000e+00  0.00000000e+00  1.80000000e+00 
 0.00000000e+00  2.56671212e-06  9.28814071e-10  2.56655482e-06 -3.40173681e-06  0.00000000e+00  0.00000000e+00  0.00000000e+00  0.00000000e+00  0.00000000e+00  1.80000000e+00  1.80000000e+00 
 1.80000000e+00  2.59232758e-06  9.28809394e-10  2.59217505e-06 -3.40168180e-06  1.80000000e+00  0.00000000e+00  0.00000000e+00  0.00000000e+00  0.00000000e+00  1.80000000e+00  1.80000000e+00 
 0.00000000e+00  2.61675671e-06  9.28804946e-10  2.61660870e-06 -3.40162784e-06  0.00000000e+00  1.80000000e+00  0.00000000e+00  0.00000000e+00  0.00000000e+00  1.80000000e+00  1.80000000e+00 
 1.80000000e+00  2.64236965e-06  9.28800207e-10  2.64222635e-06 -3.40156970e-06  1.80000000e+00  1.80000000e+00  0.00000000e+00  0.00000000e+00  0.00000000e+00  1.80000000e+00  1.80000000e+00 
 0.00000000e+00  2.66710233e-06  9.28795861e-10  2.66696354e-06 -3.40151181e-06  0.00000000e+00  0.00000000e+00  1.80000000e+00  0.00000000e+00  0.00000000e+00  1.80000000e+00  1.80000000e+00 
 1.80000000e+00  2.69271183e-06  9.28791308e-10  2.69257770e-06 -3.40145037e-06  1.80000000e+00  0.00000000e+00  1.80000000e+00  0.00000000e+00  0.00000000e+00  1.80000000e+00  1.80000000e+00 
 0.00000000e+00  2.71713577e-06  9.28787002e-10  2.71700604e-06 -3.40139010e-06  0.00000000e+00  1.80000000e+00  1.80000000e+00  0.00000000e+00  0.00000000e+00  1.80000000e+00  1.80000000e+00 
 1.80000000e+00  2.74274265e-06  9.28782471e-10  2.74261752e-06 -3.40132518e-06  1.80000000e+00  1.80000000e+00  1.80000000e+00  0.00000000e+00  0.00000000e+00  1.80000000e+00  1.80000000e+00 
 0.00000000e+00  2.77498025e-06  9.28776807e-10  2.77486086e-06 -3.40124007e-06  0.00000000e+00  0.00000000e+00  0.00000000e+00  1.80000000e+00  0.00000000e+00  1.80000000e+00  1.80000000e+00 
 1.80000000e+00  2.80058174e-06  9.28772254e-10  2.80046688e-06 -3.40117084e-06  1.80000000e+00  0.00000000e+00  0.00000000e+00  1.80000000e+00  0.00000000e+00  1.80000000e+00  1.80000000e+00 
 0.00000000e+00  2.82499827e-06  9.28767997e-10  2.82488770e-06 -3.40110295e-06  0.00000000e+00  1.80000000e+00  0.00000000e+00  1.80000000e+00  0.00000000e+00  1.80000000e+00  1.80000000e+00 
 1.80000000e+00  2.85059691e-06  9.28763547e-10  2.85049081e-06 -3.40102981e-06  1.80000000e+00  1.80000000e+00  0.00000000e+00  1.80000000e+00  0.00000000e+00  1.80000000e+00  1.80000000e+00 
 0.00000000e+00  2.87531707e-06  9.28759280e-10  2.87521526e-06 -3.40095698e-06  0.00000000e+00  0.00000000e+00  1.80000000e+00  1.80000000e+00  0.00000000e+00  1.80000000e+00  1.80000000e+00 
 1.80000000e+00  2.90091134e-06  9.28754780e-10  2.90081396e-06 -3.40087967e-06  1.80000000e+00  0.00000000e+00  1.80000000e+00  1.80000000e+00  0.00000000e+00  1.80000000e+00  1.80000000e+00 
 0.00000000e+00  2.92532170e-06  9.28750674e-10  2.92522851e-06 -3.40080387e-06  0.00000000e+00  1.80000000e+00  1.80000000e+00  1.80000000e+00  0.00000000e+00  1.80000000e+00  1.80000000e+00 
 1.80000000e+00  2.95091315e-06  9.28746306e-10  2.95082434e-06 -3.40072223e-06  1.80000000e+00  1.80000000e+00  1.80000000e+00  1.80000000e+00  0.00000000e+00  1.80000000e+00  1.80000000e+00 
 0.00000000e+00  2.98555979e-06  9.28740371e-10  2.98547685e-06 -3.40059050e-06  0.00000000e+00  0.00000000e+00  0.00000000e+00  0.00000000e+00  1.80000000e+00  1.80000000e+00  1.80000000e+00 
 1.80000000e+00  3.01114340e-06  9.28736149e-10  3.01106478e-06 -3.40050295e-06  1.80000000e+00  0.00000000e+00  0.00000000e+00  0.00000000e+00  1.80000000e+00  1.80000000e+00  1.80000000e+00 
 0.00000000e+00  3.03554385e-06  9.28732008e-10  3.03546932e-06 -3.40041711e-06  0.00000000e+00  1.80000000e+00  0.00000000e+00  0.00000000e+00  1.80000000e+00  1.80000000e+00  1.80000000e+00 
 1.80000000e+00  3.06112429e-06  9.28727727e-10  3.06105403e-06 -3.40032467e-06  1.80000000e+00  1.80000000e+00  0.00000000e+00  0.00000000e+00  1.80000000e+00  1.80000000e+00  1.80000000e+00 
 0.00000000e+00  3.08582784e-06  9.28723536e-10  3.08576167e-06 -3.40023269e-06  0.00000000e+00  0.00000000e+00  1.80000000e+00  0.00000000e+00  1.80000000e+00  1.80000000e+00  1.80000000e+00 
 1.80000000e+00  3.11140270e-06  9.28719266e-10  3.11134076e-06 -3.40013510e-06  1.80000000e+00  0.00000000e+00  1.80000000e+00  0.00000000e+00  1.80000000e+00  1.80000000e+00  1.80000000e+00 
 0.00000000e+00  3.13579576e-06  9.28715268e-10  3.13573782e-06 -3.40003946e-06  0.00000000e+00  1.80000000e+00  1.80000000e+00  0.00000000e+00  1.80000000e+00  1.80000000e+00  1.80000000e+00 
 1.80000000e+00  3.16136767e-06  9.28711051e-10  3.16131390e-06 -3.39993651e-06  1.80000000e+00  1.80000000e+00  1.80000000e+00  0.00000000e+00  1.80000000e+00  1.80000000e+00  1.80000000e+00 
 0.00000000e+00  3.19356332e-06  9.28705658e-10  3.19351479e-06 -3.39980142e-06  0.00000000e+00  0.00000000e+00  0.00000000e+00  1.80000000e+00  1.80000000e+00  1.80000000e+00  1.80000000e+00 
 1.80000000e+00  3.21912633e-06  9.28701451e-10  3.21908193e-06 -3.39969191e-06  1.80000000e+00  0.00000000e+00  0.00000000e+00  1.80000000e+00  1.80000000e+00  1.80000000e+00  1.80000000e+00 
 0.00000000e+00  3.24350871e-06  9.28697490e-10  3.24346822e-06 -3.39958463e-06  0.00000000e+00  1.80000000e+00  0.00000000e+00  1.80000000e+00  1.80000000e+00  1.80000000e+00  1.80000000e+00 
 1.80000000e+00  3.26906876e-06  9.28693351e-10  3.26903236e-06 -3.39946921e-06  1.80000000e+00  1.80000000e+00  0.00000000e+00  1.80000000e+00  1.80000000e+00  1.80000000e+00  1.80000000e+00 
 0.00000000e+00  3.29375523e-06  9.28689372e-10  3.29372275e-06 -3.39935446e-06  0.00000000e+00  0.00000000e+00  1.80000000e+00  1.80000000e+00  1.80000000e+00  1.80000000e+00  1.80000000e+00 
 1.80000000e+00  3.31930868e-06  9.28685148e-10  3.31928026e-06 -3.39923283e-06  1.80000000e+00  0.00000000e+00  1.80000000e+00  1.80000000e+00  1.80000000e+00  1.80000000e+00  1.80000000e+00 
 0.00000000e+00  3.34368324e-06  9.28681305e-10  3.34365866e-06 -3.39911375e-06  0.00000000e+00  1.80000000e+00  1.80000000e+00  1.80000000e+00  1.80000000e+00  1.80000000e+00  1.80000000e+00 
 1.80000000e+00  3.36923426e-06  9.28677125e-10  3.36921369e-06 -3.39898569e-06  1.80000000e+00  1.80000000e+00  1.80000000e+00  1.80000000e+00  1.80000000e+00  1.80000000e+00  1.80000000e+00 
