 b0              i(Vout)         v(b0)           v(b1)           v(b2)           v(b3)           v(b4)           v(b5)           v(b6)          
 0.00000000e+00  1.27394055e-11  0.00000000e+00  0.00000000e+00  0.00000000e+00  0.00000000e+00  0.00000000e+00  0.00000000e+00  0.00000000e+00 
 1.80000000e+00  1.57322562e-11  1.80000000e+00  0.00000000e+00  0.00000000e+00  0.00000000e+00  0.00000000e+00  0.00000000e+00  0.00000000e+00 
 0.00000000e+00  1.57322963e-11  0.00000000e+00  1.80000000e+00  0.00000000e+00  0.00000000e+00  0.00000000e+00  0.00000000e+00  0.00000000e+00 
 1.80000000e+00  1.87251487e-11  1.80000000e+00  1.80000000e+00  0.00000000e+00  0.00000000e+00  0.00000000e+00  0.00000000e+00  0.00000000e+00 
 0.00000000e+00  1.57322985e-11  0.00000000e+00  0.00000000e+00  1.80000000e+00  0.00000000e+00  0.00000000e+00  0.00000000e+00  0.00000000e+00 
 1.80000000e+00  1.87251505e-11  1.80000000e+00  0.00000000e+00  1.80000000e+00  0.00000000e+00  0.00000000e+00  0.00000000e+00  0.00000000e+00 
 0.00000000e+00  1.87251927e-11  0.00000000e+00  1.80000000e+00  1.80000000e+00  0.00000000e+00  0.00000000e+00  0.00000000e+00  0.00000000e+00 
 1.80000000e+00  2.17180426e-11  1.80000000e+00  1.80000000e+00  1.80000000e+00  0.00000000e+00  0.00000000e+00  0.00000000e+00  0.00000000e+00 
 0.00000000e+00  1.57323013e-11  0.00000000e+00  0.00000000e+00  0.00000000e+00  1.80000000e+00  0.00000000e+00  0.00000000e+00  0.00000000e+00 
 1.80000000e+00  1.87251534e-11  1.80000000e+00  0.00000000e+00  0.00000000e+00  1.80000000e+00  0.00000000e+00  0.00000000e+00  0.00000000e+00 
 0.00000000e+00  1.87251929e-11  0.00000000e+00  1.80000000e+00  0.00000000e+00  1.80000000e+00  0.00000000e+00  0.00000000e+00  0.00000000e+00 
 1.80000000e+00  2.17180441e-11  1.80000000e+00  1.80000000e+00  0.00000000e+00  1.80000000e+00  0.00000000e+00  0.00000000e+00  0.00000000e+00 
 0.00000000e+00  1.87251971e-11  0.00000000e+00  0.00000000e+00  1.80000000e+00  1.80000000e+00  0.00000000e+00  0.00000000e+00  0.00000000e+00 
 1.80000000e+00  2.17180454e-11  1.80000000e+00  0.00000000e+00  1.80000000e+00  1.80000000e+00  0.00000000e+00  0.00000000e+00  0.00000000e+00 
 0.00000000e+00  2.17180890e-11  0.00000000e+00  1.80000000e+00  1.80000000e+00  1.80000000e+00  0.00000000e+00  0.00000000e+00  0.00000000e+00 
 1.80000000e+00  2.47109381e-11  1.80000000e+00  1.80000000e+00  1.80000000e+00  1.80000000e+00  0.00000000e+00  0.00000000e+00  0.00000000e+00 
 0.00000000e+00  1.57323054e-11  0.00000000e+00  0.00000000e+00  0.00000000e+00  0.00000000e+00  1.80000000e+00  0.00000000e+00  0.00000000e+00 
 1.80000000e+00  1.87251554e-11  1.80000000e+00  0.00000000e+00  0.00000000e+00  0.00000000e+00  1.80000000e+00  0.00000000e+00  0.00000000e+00 
 0.00000000e+00  1.87251972e-11  0.00000000e+00  1.80000000e+00  0.00000000e+00  0.00000000e+00  1.80000000e+00  0.00000000e+00  0.00000000e+00 
 1.80000000e+00  2.17180489e-11  1.80000000e+00  1.80000000e+00  0.00000000e+00  0.00000000e+00  1.80000000e+00  0.00000000e+00  0.00000000e+00 
 0.00000000e+00  1.87251999e-11  0.00000000e+00  0.00000000e+00  1.80000000e+00  0.00000000e+00  1.80000000e+00  0.00000000e+00  0.00000000e+00 
 1.80000000e+00  2.17180517e-11  1.80000000e+00  0.00000000e+00  1.80000000e+00  0.00000000e+00  1.80000000e+00  0.00000000e+00  0.00000000e+00 
 0.00000000e+00  2.17180914e-11  0.00000000e+00  1.80000000e+00  1.80000000e+00  0.00000000e+00  1.80000000e+00  0.00000000e+00  0.00000000e+00 
 1.80000000e+00  2.47109420e-11  1.80000000e+00  1.80000000e+00  1.80000000e+00  0.00000000e+00  1.80000000e+00  0.00000000e+00  0.00000000e+00 
 0.00000000e+00  1.87252016e-11  0.00000000e+00  0.00000000e+00  0.00000000e+00  1.80000000e+00  1.80000000e+00  0.00000000e+00  0.00000000e+00 
 1.80000000e+00  2.17180507e-11  1.80000000e+00  0.00000000e+00  0.00000000e+00  1.80000000e+00  1.80000000e+00  0.00000000e+00  0.00000000e+00 
 0.00000000e+00  2.17180914e-11  0.00000000e+00  1.80000000e+00  0.00000000e+00  1.80000000e+00  1.80000000e+00  0.00000000e+00  0.00000000e+00 
 1.80000000e+00  2.47109415e-11  1.80000000e+00  1.80000000e+00  0.00000000e+00  1.80000000e+00  1.80000000e+00  0.00000000e+00  0.00000000e+00 
 0.00000000e+00  2.17180978e-11  0.00000000e+00  0.00000000e+00  1.80000000e+00  1.80000000e+00  1.80000000e+00  0.00000000e+00  0.00000000e+00 
 1.80000000e+00  2.47109449e-11  1.80000000e+00  0.00000000e+00  1.80000000e+00  1.80000000e+00  1.80000000e+00  0.00000000e+00  0.00000000e+00 
 0.00000000e+00  2.47109877e-11  0.00000000e+00  1.80000000e+00  1.80000000e+00  1.80000000e+00  1.80000000e+00  0.00000000e+00  0.00000000e+00 
 1.80000000e+00  2.77038373e-11  1.80000000e+00  1.80000000e+00  1.80000000e+00  1.80000000e+00  1.80000000e+00  0.00000000e+00  0.00000000e+00 
 0.00000000e+00  1.57323411e-11  0.00000000e+00  0.00000000e+00  0.00000000e+00  0.00000000e+00  0.00000000e+00  1.80000000e+00  0.00000000e+00 
 1.80000000e+00  1.87251920e-11  1.80000000e+00  0.00000000e+00  0.00000000e+00  0.00000000e+00  0.00000000e+00  1.80000000e+00  0.00000000e+00 
 0.00000000e+00  1.87252307e-11  0.00000000e+00  1.80000000e+00  0.00000000e+00  0.00000000e+00  0.00000000e+00  1.80000000e+00  0.00000000e+00 
 1.80000000e+00  2.17180861e-11  1.80000000e+00  1.80000000e+00  0.00000000e+00  0.00000000e+00  0.00000000e+00  1.80000000e+00  0.00000000e+00 
 0.00000000e+00  1.87252349e-11  0.00000000e+00  0.00000000e+00  1.80000000e+00  0.00000000e+00  0.00000000e+00  1.80000000e+00  0.00000000e+00 
 1.80000000e+00  2.17180865e-11  1.80000000e+00  0.00000000e+00  1.80000000e+00  0.00000000e+00  0.00000000e+00  1.80000000e+00  0.00000000e+00 
 0.00000000e+00  2.17181249e-11  0.00000000e+00  1.80000000e+00  1.80000000e+00  0.00000000e+00  0.00000000e+00  1.80000000e+00  0.00000000e+00 
 1.80000000e+00  2.47109777e-11  1.80000000e+00  1.80000000e+00  1.80000000e+00  0.00000000e+00  0.00000000e+00  1.80000000e+00  0.00000000e+00 
 0.00000000e+00  1.87252372e-11  0.00000000e+00  0.00000000e+00  0.00000000e+00  1.80000000e+00  0.00000000e+00  1.80000000e+00  0.00000000e+00 
 1.80000000e+00  2.17180870e-11  1.80000000e+00  0.00000000e+00  0.00000000e+00  1.80000000e+00  0.00000000e+00  1.80000000e+00  0.00000000e+00 
 0.00000000e+00  2.17181299e-11  0.00000000e+00  1.80000000e+00  0.00000000e+00  1.80000000e+00  0.00000000e+00  1.80000000e+00  0.00000000e+00 
 1.80000000e+00  2.47109764e-11  1.80000000e+00  1.80000000e+00  0.00000000e+00  1.80000000e+00  0.00000000e+00  1.80000000e+00  0.00000000e+00 
 0.00000000e+00  2.17181323e-11  0.00000000e+00  0.00000000e+00  1.80000000e+00  1.80000000e+00  0.00000000e+00  1.80000000e+00  0.00000000e+00 
 1.80000000e+00  2.47109835e-11  1.80000000e+00  0.00000000e+00  1.80000000e+00  1.80000000e+00  0.00000000e+00  1.80000000e+00  0.00000000e+00 
 0.00000000e+00  2.47110241e-11  0.00000000e+00  1.80000000e+00  1.80000000e+00  1.80000000e+00  0.00000000e+00  1.80000000e+00  0.00000000e+00 
 1.80000000e+00  2.77038729e-11  1.80000000e+00  1.80000000e+00  1.80000000e+00  1.80000000e+00  0.00000000e+00  1.80000000e+00  0.00000000e+00 
 0.00000000e+00  1.87252403e-11  0.00000000e+00  0.00000000e+00  0.00000000e+00  0.00000000e+00  1.80000000e+00  1.80000000e+00  0.00000000e+00 
 1.80000000e+00  2.17180912e-11  1.80000000e+00  0.00000000e+00  0.00000000e+00  0.00000000e+00  1.80000000e+00  1.80000000e+00  0.00000000e+00 
 0.00000000e+00  2.17181317e-11  0.00000000e+00  1.80000000e+00  0.00000000e+00  0.00000000e+00  1.80000000e+00  1.80000000e+00  0.00000000e+00 
 1.80000000e+00  2.47109835e-11  1.80000000e+00  1.80000000e+00  0.00000000e+00  0.00000000e+00  1.80000000e+00  1.80000000e+00  0.00000000e+00 
 0.00000000e+00  2.17181333e-11  0.00000000e+00  0.00000000e+00  1.80000000e+00  0.00000000e+00  1.80000000e+00  1.80000000e+00  0.00000000e+00 
 1.80000000e+00  2.47109863e-11  1.80000000e+00  0.00000000e+00  1.80000000e+00  0.00000000e+00  1.80000000e+00  1.80000000e+00  0.00000000e+00 
 0.00000000e+00  2.47110276e-11  0.00000000e+00  1.80000000e+00  1.80000000e+00  0.00000000e+00  1.80000000e+00  1.80000000e+00  0.00000000e+00 
 1.80000000e+00  2.77038770e-11  1.80000000e+00  1.80000000e+00  1.80000000e+00  0.00000000e+00  1.80000000e+00  1.80000000e+00  0.00000000e+00 
 0.00000000e+00  2.17181337e-11  0.00000000e+00  0.00000000e+00  0.00000000e+00  1.80000000e+00  1.80000000e+00  1.80000000e+00  0.00000000e+00 
 1.80000000e+00  2.47109863e-11  1.80000000e+00  0.00000000e+00  0.00000000e+00  1.80000000e+00  1.80000000e+00  1.80000000e+00  0.00000000e+00 
 0.00000000e+00  2.47110264e-11  0.00000000e+00  1.80000000e+00  0.00000000e+00  1.80000000e+00  1.80000000e+00  1.80000000e+00  0.00000000e+00 
 1.80000000e+00  2.77038769e-11  1.80000000e+00  1.80000000e+00  0.00000000e+00  1.80000000e+00  1.80000000e+00  1.80000000e+00  0.00000000e+00 
 0.00000000e+00  2.47110323e-11  0.00000000e+00  0.00000000e+00  1.80000000e+00  1.80000000e+00  1.80000000e+00  1.80000000e+00  0.00000000e+00 
 1.80000000e+00  2.77038836e-11  1.80000000e+00  0.00000000e+00  1.80000000e+00  1.80000000e+00  1.80000000e+00  1.80000000e+00  0.00000000e+00 
 0.00000000e+00  2.77039226e-11  0.00000000e+00  1.80000000e+00  1.80000000e+00  1.80000000e+00  1.80000000e+00  1.80000000e+00  0.00000000e+00 
 1.80000000e+00  3.06967715e-11  1.80000000e+00  1.80000000e+00  1.80000000e+00  1.80000000e+00  1.80000000e+00  1.80000000e+00  0.00000000e+00 
 0.00000000e+00  1.57327371e-11  0.00000000e+00  0.00000000e+00  0.00000000e+00  0.00000000e+00  0.00000000e+00  0.00000000e+00  1.80000000e+00 
 1.80000000e+00  1.87255901e-11  1.80000000e+00  0.00000000e+00  0.00000000e+00  0.00000000e+00  0.00000000e+00  0.00000000e+00  1.80000000e+00 
 0.00000000e+00  1.87256290e-11  0.00000000e+00  1.80000000e+00  0.00000000e+00  0.00000000e+00  0.00000000e+00  0.00000000e+00  1.80000000e+00 
 1.80000000e+00  2.17184826e-11  1.80000000e+00  1.80000000e+00  0.00000000e+00  0.00000000e+00  0.00000000e+00  0.00000000e+00  1.80000000e+00 
 0.00000000e+00  1.87256323e-11  0.00000000e+00  0.00000000e+00  1.80000000e+00  0.00000000e+00  0.00000000e+00  0.00000000e+00  1.80000000e+00 
 1.80000000e+00  2.17184844e-11  1.80000000e+00  0.00000000e+00  1.80000000e+00  0.00000000e+00  0.00000000e+00  0.00000000e+00  1.80000000e+00 
 0.00000000e+00  2.17185266e-11  0.00000000e+00  1.80000000e+00  1.80000000e+00  0.00000000e+00  0.00000000e+00  0.00000000e+00  1.80000000e+00 
 1.80000000e+00  2.47113765e-11  1.80000000e+00  1.80000000e+00  1.80000000e+00  0.00000000e+00  0.00000000e+00  0.00000000e+00  1.80000000e+00 
 0.00000000e+00  1.87256351e-11  0.00000000e+00  0.00000000e+00  0.00000000e+00  1.80000000e+00  0.00000000e+00  0.00000000e+00  1.80000000e+00 
 1.80000000e+00  2.17184872e-11  1.80000000e+00  0.00000000e+00  0.00000000e+00  1.80000000e+00  0.00000000e+00  0.00000000e+00  1.80000000e+00 
 0.00000000e+00  2.17185268e-11  0.00000000e+00  1.80000000e+00  0.00000000e+00  1.80000000e+00  0.00000000e+00  0.00000000e+00  1.80000000e+00 
 1.80000000e+00  2.47113780e-11  1.80000000e+00  1.80000000e+00  0.00000000e+00  1.80000000e+00  0.00000000e+00  0.00000000e+00  1.80000000e+00 
 0.00000000e+00  2.17185310e-11  0.00000000e+00  0.00000000e+00  1.80000000e+00  1.80000000e+00  0.00000000e+00  0.00000000e+00  1.80000000e+00 
 1.80000000e+00  2.47113792e-11  1.80000000e+00  0.00000000e+00  1.80000000e+00  1.80000000e+00  0.00000000e+00  0.00000000e+00  1.80000000e+00 
 0.00000000e+00  2.47114228e-11  0.00000000e+00  1.80000000e+00  1.80000000e+00  1.80000000e+00  0.00000000e+00  0.00000000e+00  1.80000000e+00 
 1.80000000e+00  2.77042720e-11  1.80000000e+00  1.80000000e+00  1.80000000e+00  1.80000000e+00  0.00000000e+00  0.00000000e+00  1.80000000e+00 
 0.00000000e+00  1.87256393e-11  0.00000000e+00  0.00000000e+00  0.00000000e+00  0.00000000e+00  1.80000000e+00  0.00000000e+00  1.80000000e+00 
 1.80000000e+00  2.17184893e-11  1.80000000e+00  0.00000000e+00  0.00000000e+00  0.00000000e+00  1.80000000e+00  0.00000000e+00  1.80000000e+00 
 0.00000000e+00  2.17185310e-11  0.00000000e+00  1.80000000e+00  0.00000000e+00  0.00000000e+00  1.80000000e+00  0.00000000e+00  1.80000000e+00 
 1.80000000e+00  2.47113828e-11  1.80000000e+00  1.80000000e+00  0.00000000e+00  0.00000000e+00  1.80000000e+00  0.00000000e+00  1.80000000e+00 
 0.00000000e+00  2.17185338e-11  0.00000000e+00  0.00000000e+00  1.80000000e+00  0.00000000e+00  1.80000000e+00  0.00000000e+00  1.80000000e+00 
 1.80000000e+00  2.47113856e-11  1.80000000e+00  0.00000000e+00  1.80000000e+00  0.00000000e+00  1.80000000e+00  0.00000000e+00  1.80000000e+00 
 0.00000000e+00  2.47114253e-11  0.00000000e+00  1.80000000e+00  1.80000000e+00  0.00000000e+00  1.80000000e+00  0.00000000e+00  1.80000000e+00 
 1.80000000e+00  2.77042758e-11  1.80000000e+00  1.80000000e+00  1.80000000e+00  0.00000000e+00  1.80000000e+00  0.00000000e+00  1.80000000e+00 
 0.00000000e+00  2.17185354e-11  0.00000000e+00  0.00000000e+00  0.00000000e+00  1.80000000e+00  1.80000000e+00  0.00000000e+00  1.80000000e+00 
 1.80000000e+00  2.47113846e-11  1.80000000e+00  0.00000000e+00  0.00000000e+00  1.80000000e+00  1.80000000e+00  0.00000000e+00  1.80000000e+00 
 0.00000000e+00  2.47114253e-11  0.00000000e+00  1.80000000e+00  0.00000000e+00  1.80000000e+00  1.80000000e+00  0.00000000e+00  1.80000000e+00 
 1.80000000e+00  2.77042754e-11  1.80000000e+00  1.80000000e+00  0.00000000e+00  1.80000000e+00  1.80000000e+00  0.00000000e+00  1.80000000e+00 
 0.00000000e+00  2.47114316e-11  0.00000000e+00  0.00000000e+00  1.80000000e+00  1.80000000e+00  1.80000000e+00  0.00000000e+00  1.80000000e+00 
 1.80000000e+00  2.77042788e-11  1.80000000e+00  0.00000000e+00  1.80000000e+00  1.80000000e+00  1.80000000e+00  0.00000000e+00  1.80000000e+00 
 0.00000000e+00  2.77043216e-11  0.00000000e+00  1.80000000e+00  1.80000000e+00  1.80000000e+00  1.80000000e+00  0.00000000e+00  1.80000000e+00 
 1.80000000e+00  3.06971712e-11  1.80000000e+00  1.80000000e+00  1.80000000e+00  1.80000000e+00  1.80000000e+00  0.00000000e+00  1.80000000e+00 
 0.00000000e+00  1.87256735e-11  0.00000000e+00  0.00000000e+00  0.00000000e+00  0.00000000e+00  0.00000000e+00  1.80000000e+00  1.80000000e+00 
 1.80000000e+00  2.17185259e-11  1.80000000e+00  0.00000000e+00  0.00000000e+00  0.00000000e+00  0.00000000e+00  1.80000000e+00  1.80000000e+00 
 0.00000000e+00  2.17185642e-11  0.00000000e+00  1.80000000e+00  0.00000000e+00  0.00000000e+00  0.00000000e+00  1.80000000e+00  1.80000000e+00 
 1.80000000e+00  2.47114200e-11  1.80000000e+00  1.80000000e+00  0.00000000e+00  0.00000000e+00  0.00000000e+00  1.80000000e+00  1.80000000e+00 
 0.00000000e+00  2.17185682e-11  0.00000000e+00  0.00000000e+00  1.80000000e+00  0.00000000e+00  0.00000000e+00  1.80000000e+00  1.80000000e+00 
 1.80000000e+00  2.47114204e-11  1.80000000e+00  0.00000000e+00  1.80000000e+00  0.00000000e+00  0.00000000e+00  1.80000000e+00  1.80000000e+00 
 0.00000000e+00  2.47114579e-11  0.00000000e+00  1.80000000e+00  1.80000000e+00  0.00000000e+00  0.00000000e+00  1.80000000e+00  1.80000000e+00 
 1.80000000e+00  2.77043116e-11  1.80000000e+00  1.80000000e+00  1.80000000e+00  0.00000000e+00  0.00000000e+00  1.80000000e+00  1.80000000e+00 
 0.00000000e+00  2.17185711e-11  0.00000000e+00  0.00000000e+00  0.00000000e+00  1.80000000e+00  0.00000000e+00  1.80000000e+00  1.80000000e+00 
 1.80000000e+00  2.47114209e-11  1.80000000e+00  0.00000000e+00  0.00000000e+00  1.80000000e+00  0.00000000e+00  1.80000000e+00  1.80000000e+00 
 0.00000000e+00  2.47114638e-11  0.00000000e+00  1.80000000e+00  0.00000000e+00  1.80000000e+00  0.00000000e+00  1.80000000e+00  1.80000000e+00 
 1.80000000e+00  2.77043103e-11  1.80000000e+00  1.80000000e+00  0.00000000e+00  1.80000000e+00  0.00000000e+00  1.80000000e+00  1.80000000e+00 
 0.00000000e+00  2.47114662e-11  0.00000000e+00  0.00000000e+00  1.80000000e+00  1.80000000e+00  0.00000000e+00  1.80000000e+00  1.80000000e+00 
 1.80000000e+00  2.77043173e-11  1.80000000e+00  0.00000000e+00  1.80000000e+00  1.80000000e+00  0.00000000e+00  1.80000000e+00  1.80000000e+00 
 0.00000000e+00  2.77043580e-11  0.00000000e+00  1.80000000e+00  1.80000000e+00  1.80000000e+00  0.00000000e+00  1.80000000e+00  1.80000000e+00 
 1.80000000e+00  3.06972068e-11  1.80000000e+00  1.80000000e+00  1.80000000e+00  1.80000000e+00  0.00000000e+00  1.80000000e+00  1.80000000e+00 
 0.00000000e+00  2.17185741e-11  0.00000000e+00  0.00000000e+00  0.00000000e+00  0.00000000e+00  1.80000000e+00  1.80000000e+00  1.80000000e+00 
 1.80000000e+00  2.47114251e-11  1.80000000e+00  0.00000000e+00  0.00000000e+00  0.00000000e+00  1.80000000e+00  1.80000000e+00  1.80000000e+00 
 0.00000000e+00  2.47114656e-11  0.00000000e+00  1.80000000e+00  0.00000000e+00  0.00000000e+00  1.80000000e+00  1.80000000e+00  1.80000000e+00 
 1.80000000e+00  2.77043173e-11  1.80000000e+00  1.80000000e+00  0.00000000e+00  0.00000000e+00  1.80000000e+00  1.80000000e+00  1.80000000e+00 
 0.00000000e+00  2.47114672e-11  0.00000000e+00  0.00000000e+00  1.80000000e+00  0.00000000e+00  1.80000000e+00  1.80000000e+00  1.80000000e+00 
 1.80000000e+00  2.77043201e-11  1.80000000e+00  0.00000000e+00  1.80000000e+00  0.00000000e+00  1.80000000e+00  1.80000000e+00  1.80000000e+00 
 0.00000000e+00  2.77043614e-11  0.00000000e+00  1.80000000e+00  1.80000000e+00  0.00000000e+00  1.80000000e+00  1.80000000e+00  1.80000000e+00 
 1.80000000e+00  3.06972109e-11  1.80000000e+00  1.80000000e+00  1.80000000e+00  0.00000000e+00  1.80000000e+00  1.80000000e+00  1.80000000e+00 
 0.00000000e+00  2.47114676e-11  0.00000000e+00  0.00000000e+00  0.00000000e+00  1.80000000e+00  1.80000000e+00  1.80000000e+00  1.80000000e+00 
 1.80000000e+00  2.77043201e-11  1.80000000e+00  0.00000000e+00  0.00000000e+00  1.80000000e+00  1.80000000e+00  1.80000000e+00  1.80000000e+00 
 0.00000000e+00  2.77043602e-11  0.00000000e+00  1.80000000e+00  0.00000000e+00  1.80000000e+00  1.80000000e+00  1.80000000e+00  1.80000000e+00 
 1.80000000e+00  3.06972108e-11  1.80000000e+00  1.80000000e+00  0.00000000e+00  1.80000000e+00  1.80000000e+00  1.80000000e+00  1.80000000e+00 
 0.00000000e+00  2.77043661e-11  0.00000000e+00  0.00000000e+00  1.80000000e+00  1.80000000e+00  1.80000000e+00  1.80000000e+00  1.80000000e+00 
 1.80000000e+00  3.06972175e-11  1.80000000e+00  0.00000000e+00  1.80000000e+00  1.80000000e+00  1.80000000e+00  1.80000000e+00  1.80000000e+00 
 0.00000000e+00  3.06972565e-11  0.00000000e+00  1.80000000e+00  1.80000000e+00  1.80000000e+00  1.80000000e+00  1.80000000e+00  1.80000000e+00 
 1.80000000e+00  3.36901054e-11  1.80000000e+00  1.80000000e+00  1.80000000e+00  1.80000000e+00  1.80000000e+00  1.80000000e+00  1.80000000e+00 
