 b0              i(Vout)         v(b0)           v(b1)           v(b2)           v(b3)           v(b4)           v(b5)           v(b6)          
 0.00000000e+00  1.27394055e-11  0.00000000e+00  0.00000000e+00  0.00000000e+00  0.00000000e+00  0.00000000e+00  0.00000000e+00  0.00000000e+00 
 1.80000000e+00  7.52008218e-09  1.80000000e+00  0.00000000e+00  0.00000000e+00  0.00000000e+00  0.00000000e+00  0.00000000e+00  0.00000000e+00 
 0.00000000e+00  1.34681779e-08  0.00000000e+00  1.80000000e+00  0.00000000e+00  0.00000000e+00  0.00000000e+00  0.00000000e+00  0.00000000e+00 
 1.80000000e+00  2.09755207e-08  1.80000000e+00  1.80000000e+00  0.00000000e+00  0.00000000e+00  0.00000000e+00  0.00000000e+00  0.00000000e+00 
 0.00000000e+00  2.51469691e-08  0.00000000e+00  0.00000000e+00  1.80000000e+00  0.00000000e+00  0.00000000e+00  0.00000000e+00  0.00000000e+00 
 1.80000000e+00  3.26543119e-08  1.80000000e+00  0.00000000e+00  1.80000000e+00  0.00000000e+00  0.00000000e+00  0.00000000e+00  0.00000000e+00 
 0.00000000e+00  3.86024076e-08  0.00000000e+00  1.80000000e+00  1.80000000e+00  0.00000000e+00  0.00000000e+00  0.00000000e+00  0.00000000e+00 
 1.80000000e+00  4.61097505e-08  1.80000000e+00  1.80000000e+00  1.80000000e+00  0.00000000e+00  0.00000000e+00  0.00000000e+00  0.00000000e+00 
 0.00000000e+00  4.86857019e-08  0.00000000e+00  0.00000000e+00  0.00000000e+00  1.80000000e+00  0.00000000e+00  0.00000000e+00  0.00000000e+00 
 1.80000000e+00  5.61930446e-08  1.80000000e+00  0.00000000e+00  0.00000000e+00  1.80000000e+00  0.00000000e+00  0.00000000e+00  0.00000000e+00 
 0.00000000e+00  6.21411407e-08  0.00000000e+00  1.80000000e+00  0.00000000e+00  1.80000000e+00  0.00000000e+00  0.00000000e+00  0.00000000e+00 
 1.80000000e+00  6.96484832e-08  1.80000000e+00  1.80000000e+00  0.00000000e+00  1.80000000e+00  0.00000000e+00  0.00000000e+00  0.00000000e+00 
 0.00000000e+00  7.38199316e-08  0.00000000e+00  0.00000000e+00  1.80000000e+00  1.80000000e+00  0.00000000e+00  0.00000000e+00  0.00000000e+00 
 1.80000000e+00  8.13272744e-08  1.80000000e+00  0.00000000e+00  1.80000000e+00  1.80000000e+00  0.00000000e+00  0.00000000e+00  0.00000000e+00 
 0.00000000e+00  8.72753580e-08  0.00000000e+00  1.80000000e+00  1.80000000e+00  1.80000000e+00  0.00000000e+00  0.00000000e+00  0.00000000e+00 
 1.80000000e+00  9.47827129e-08  1.80000000e+00  1.80000000e+00  1.80000000e+00  1.80000000e+00  0.00000000e+00  0.00000000e+00  0.00000000e+00 
 0.00000000e+00  9.73347734e-08  0.00000000e+00  0.00000000e+00  0.00000000e+00  0.00000000e+00  1.80000000e+00  0.00000000e+00  0.00000000e+00 
 1.80000000e+00  1.04842117e-07  1.80000000e+00  0.00000000e+00  0.00000000e+00  0.00000000e+00  1.80000000e+00  0.00000000e+00  0.00000000e+00 
 0.00000000e+00  1.10790213e-07  0.00000000e+00  1.80000000e+00  0.00000000e+00  0.00000000e+00  1.80000000e+00  0.00000000e+00  0.00000000e+00 
 1.80000000e+00  1.18297556e-07  1.80000000e+00  1.80000000e+00  0.00000000e+00  0.00000000e+00  1.80000000e+00  0.00000000e+00  0.00000000e+00 
 0.00000000e+00  1.22469004e-07  0.00000000e+00  0.00000000e+00  1.80000000e+00  0.00000000e+00  1.80000000e+00  0.00000000e+00  0.00000000e+00 
 1.80000000e+00  1.29976347e-07  1.80000000e+00  0.00000000e+00  1.80000000e+00  0.00000000e+00  1.80000000e+00  0.00000000e+00  0.00000000e+00 
 0.00000000e+00  1.35924439e-07  0.00000000e+00  1.80000000e+00  1.80000000e+00  0.00000000e+00  1.80000000e+00  0.00000000e+00  0.00000000e+00 
 1.80000000e+00  1.43431785e-07  1.80000000e+00  1.80000000e+00  1.80000000e+00  0.00000000e+00  1.80000000e+00  0.00000000e+00  0.00000000e+00 
 0.00000000e+00  1.46007643e-07  0.00000000e+00  0.00000000e+00  0.00000000e+00  1.80000000e+00  1.80000000e+00  0.00000000e+00  0.00000000e+00 
 1.80000000e+00  1.53515080e-07  1.80000000e+00  0.00000000e+00  0.00000000e+00  1.80000000e+00  1.80000000e+00  0.00000000e+00  0.00000000e+00 
 0.00000000e+00  1.59463145e-07  0.00000000e+00  1.80000000e+00  0.00000000e+00  1.80000000e+00  1.80000000e+00  0.00000000e+00  0.00000000e+00 
 1.80000000e+00  1.66970518e-07  1.80000000e+00  1.80000000e+00  0.00000000e+00  1.80000000e+00  1.80000000e+00  0.00000000e+00  0.00000000e+00 
 0.00000000e+00  1.71141899e-07  0.00000000e+00  0.00000000e+00  1.80000000e+00  1.80000000e+00  1.80000000e+00  0.00000000e+00  0.00000000e+00 
 1.80000000e+00  1.78649127e-07  1.80000000e+00  0.00000000e+00  1.80000000e+00  1.80000000e+00  1.80000000e+00  0.00000000e+00  0.00000000e+00 
 0.00000000e+00  1.84597405e-07  0.00000000e+00  1.80000000e+00  1.80000000e+00  1.80000000e+00  1.80000000e+00  0.00000000e+00  0.00000000e+00 
 1.80000000e+00  1.92104748e-07  1.80000000e+00  1.80000000e+00  1.80000000e+00  1.80000000e+00  1.80000000e+00  0.00000000e+00  0.00000000e+00 
 0.00000000e+00  1.99138543e-07  0.00000000e+00  0.00000000e+00  0.00000000e+00  0.00000000e+00  0.00000000e+00  1.80000000e+00  0.00000000e+00 
 1.80000000e+00  2.06645885e-07  1.80000000e+00  0.00000000e+00  0.00000000e+00  0.00000000e+00  0.00000000e+00  1.80000000e+00  0.00000000e+00 
 0.00000000e+00  2.12593981e-07  0.00000000e+00  1.80000000e+00  0.00000000e+00  0.00000000e+00  0.00000000e+00  1.80000000e+00  0.00000000e+00 
 1.80000000e+00  2.20101324e-07  1.80000000e+00  1.80000000e+00  0.00000000e+00  0.00000000e+00  0.00000000e+00  1.80000000e+00  0.00000000e+00 
 0.00000000e+00  2.24272772e-07  0.00000000e+00  0.00000000e+00  1.80000000e+00  0.00000000e+00  0.00000000e+00  1.80000000e+00  0.00000000e+00 
 1.80000000e+00  2.31780115e-07  1.80000000e+00  0.00000000e+00  1.80000000e+00  0.00000000e+00  0.00000000e+00  1.80000000e+00  0.00000000e+00 
 0.00000000e+00  2.37728211e-07  0.00000000e+00  1.80000000e+00  1.80000000e+00  0.00000000e+00  0.00000000e+00  1.80000000e+00  0.00000000e+00 
 1.80000000e+00  2.45235554e-07  1.80000000e+00  1.80000000e+00  1.80000000e+00  0.00000000e+00  0.00000000e+00  1.80000000e+00  0.00000000e+00 
 0.00000000e+00  2.47811505e-07  0.00000000e+00  0.00000000e+00  0.00000000e+00  1.80000000e+00  0.00000000e+00  1.80000000e+00  0.00000000e+00 
 1.80000000e+00  2.55318848e-07  1.80000000e+00  0.00000000e+00  0.00000000e+00  1.80000000e+00  0.00000000e+00  1.80000000e+00  0.00000000e+00 
 0.00000000e+00  2.61266944e-07  0.00000000e+00  1.80000000e+00  0.00000000e+00  1.80000000e+00  0.00000000e+00  1.80000000e+00  0.00000000e+00 
 1.80000000e+00  2.68774286e-07  1.80000000e+00  1.80000000e+00  0.00000000e+00  1.80000000e+00  0.00000000e+00  1.80000000e+00  0.00000000e+00 
 0.00000000e+00  2.72945734e-07  0.00000000e+00  0.00000000e+00  1.80000000e+00  1.80000000e+00  0.00000000e+00  1.80000000e+00  0.00000000e+00 
 1.80000000e+00  2.80453078e-07  1.80000000e+00  0.00000000e+00  1.80000000e+00  1.80000000e+00  0.00000000e+00  1.80000000e+00  0.00000000e+00 
 0.00000000e+00  2.86401173e-07  0.00000000e+00  1.80000000e+00  1.80000000e+00  1.80000000e+00  0.00000000e+00  1.80000000e+00  0.00000000e+00 
 1.80000000e+00  2.93908516e-07  1.80000000e+00  1.80000000e+00  1.80000000e+00  1.80000000e+00  0.00000000e+00  1.80000000e+00  0.00000000e+00 
 0.00000000e+00  2.96460578e-07  0.00000000e+00  0.00000000e+00  0.00000000e+00  0.00000000e+00  1.80000000e+00  1.80000000e+00  0.00000000e+00 
 1.80000000e+00  3.03967916e-07  1.80000000e+00  0.00000000e+00  0.00000000e+00  0.00000000e+00  1.80000000e+00  1.80000000e+00  0.00000000e+00 
 0.00000000e+00  3.09916016e-07  0.00000000e+00  1.80000000e+00  0.00000000e+00  0.00000000e+00  1.80000000e+00  1.80000000e+00  0.00000000e+00 
 1.80000000e+00  3.17423356e-07  1.80000000e+00  1.80000000e+00  0.00000000e+00  0.00000000e+00  1.80000000e+00  1.80000000e+00  0.00000000e+00 
 0.00000000e+00  3.21594807e-07  0.00000000e+00  0.00000000e+00  1.80000000e+00  0.00000000e+00  1.80000000e+00  1.80000000e+00  0.00000000e+00 
 1.80000000e+00  3.29102150e-07  1.80000000e+00  0.00000000e+00  1.80000000e+00  0.00000000e+00  1.80000000e+00  1.80000000e+00  0.00000000e+00 
 0.00000000e+00  3.35050246e-07  0.00000000e+00  1.80000000e+00  1.80000000e+00  0.00000000e+00  1.80000000e+00  1.80000000e+00  0.00000000e+00 
 1.80000000e+00  3.42557589e-07  1.80000000e+00  1.80000000e+00  1.80000000e+00  0.00000000e+00  1.80000000e+00  1.80000000e+00  0.00000000e+00 
 0.00000000e+00  3.45133540e-07  0.00000000e+00  0.00000000e+00  0.00000000e+00  1.80000000e+00  1.80000000e+00  1.80000000e+00  0.00000000e+00 
 1.80000000e+00  3.52640883e-07  1.80000000e+00  0.00000000e+00  0.00000000e+00  1.80000000e+00  1.80000000e+00  1.80000000e+00  0.00000000e+00 
 0.00000000e+00  3.58588979e-07  0.00000000e+00  1.80000000e+00  0.00000000e+00  1.80000000e+00  1.80000000e+00  1.80000000e+00  0.00000000e+00 
 1.80000000e+00  3.66096321e-07  1.80000000e+00  1.80000000e+00  0.00000000e+00  1.80000000e+00  1.80000000e+00  1.80000000e+00  0.00000000e+00 
 0.00000000e+00  3.70267770e-07  0.00000000e+00  0.00000000e+00  1.80000000e+00  1.80000000e+00  1.80000000e+00  1.80000000e+00  0.00000000e+00 
 1.80000000e+00  3.77775113e-07  1.80000000e+00  0.00000000e+00  1.80000000e+00  1.80000000e+00  1.80000000e+00  1.80000000e+00  0.00000000e+00 
 0.00000000e+00  3.83723208e-07  0.00000000e+00  1.80000000e+00  1.80000000e+00  1.80000000e+00  1.80000000e+00  1.80000000e+00  0.00000000e+00 
 1.80000000e+00  3.91230551e-07  1.80000000e+00  1.80000000e+00  1.80000000e+00  1.80000000e+00  1.80000000e+00  1.80000000e+00  0.00000000e+00 
 0.00000000e+00  4.11166474e-07  0.00000000e+00  0.00000000e+00  0.00000000e+00  0.00000000e+00  0.00000000e+00  0.00000000e+00  1.80000000e+00 
 1.80000000e+00  4.18673817e-07  1.80000000e+00  0.00000000e+00  0.00000000e+00  0.00000000e+00  0.00000000e+00  0.00000000e+00  1.80000000e+00 
 0.00000000e+00  4.24621912e-07  0.00000000e+00  1.80000000e+00  0.00000000e+00  0.00000000e+00  0.00000000e+00  0.00000000e+00  1.80000000e+00 
 1.80000000e+00  4.32129255e-07  1.80000000e+00  1.80000000e+00  0.00000000e+00  0.00000000e+00  0.00000000e+00  0.00000000e+00  1.80000000e+00 
 0.00000000e+00  4.36300704e-07  0.00000000e+00  0.00000000e+00  1.80000000e+00  0.00000000e+00  0.00000000e+00  0.00000000e+00  1.80000000e+00 
 1.80000000e+00  4.43808046e-07  1.80000000e+00  0.00000000e+00  1.80000000e+00  0.00000000e+00  0.00000000e+00  0.00000000e+00  1.80000000e+00 
 0.00000000e+00  4.49756142e-07  0.00000000e+00  1.80000000e+00  1.80000000e+00  0.00000000e+00  0.00000000e+00  0.00000000e+00  1.80000000e+00 
 1.80000000e+00  4.57263485e-07  1.80000000e+00  1.80000000e+00  1.80000000e+00  0.00000000e+00  0.00000000e+00  0.00000000e+00  1.80000000e+00 
 0.00000000e+00  4.59839436e-07  0.00000000e+00  0.00000000e+00  0.00000000e+00  1.80000000e+00  0.00000000e+00  0.00000000e+00  1.80000000e+00 
 1.80000000e+00  4.67346779e-07  1.80000000e+00  0.00000000e+00  0.00000000e+00  1.80000000e+00  0.00000000e+00  0.00000000e+00  1.80000000e+00 
 0.00000000e+00  4.73294875e-07  0.00000000e+00  1.80000000e+00  0.00000000e+00  1.80000000e+00  0.00000000e+00  0.00000000e+00  1.80000000e+00 
 1.80000000e+00  4.80802218e-07  1.80000000e+00  1.80000000e+00  0.00000000e+00  1.80000000e+00  0.00000000e+00  0.00000000e+00  1.80000000e+00 
 0.00000000e+00  4.84973666e-07  0.00000000e+00  0.00000000e+00  1.80000000e+00  1.80000000e+00  0.00000000e+00  0.00000000e+00  1.80000000e+00 
 1.80000000e+00  4.92481009e-07  1.80000000e+00  0.00000000e+00  1.80000000e+00  1.80000000e+00  0.00000000e+00  0.00000000e+00  1.80000000e+00 
 0.00000000e+00  4.98429093e-07  0.00000000e+00  1.80000000e+00  1.80000000e+00  1.80000000e+00  0.00000000e+00  0.00000000e+00  1.80000000e+00 
 1.80000000e+00  5.05936447e-07  1.80000000e+00  1.80000000e+00  1.80000000e+00  1.80000000e+00  0.00000000e+00  0.00000000e+00  1.80000000e+00 
 0.00000000e+00  5.08488508e-07  0.00000000e+00  0.00000000e+00  0.00000000e+00  0.00000000e+00  1.80000000e+00  0.00000000e+00  1.80000000e+00 
 1.80000000e+00  5.15995852e-07  1.80000000e+00  0.00000000e+00  0.00000000e+00  0.00000000e+00  1.80000000e+00  0.00000000e+00  1.80000000e+00 
 0.00000000e+00  5.21943947e-07  0.00000000e+00  1.80000000e+00  0.00000000e+00  0.00000000e+00  1.80000000e+00  0.00000000e+00  1.80000000e+00 
 1.80000000e+00  5.29451290e-07  1.80000000e+00  1.80000000e+00  0.00000000e+00  0.00000000e+00  1.80000000e+00  0.00000000e+00  1.80000000e+00 
 0.00000000e+00  5.33622739e-07  0.00000000e+00  0.00000000e+00  1.80000000e+00  0.00000000e+00  1.80000000e+00  0.00000000e+00  1.80000000e+00 
 1.80000000e+00  5.41130081e-07  1.80000000e+00  0.00000000e+00  1.80000000e+00  0.00000000e+00  1.80000000e+00  0.00000000e+00  1.80000000e+00 
 0.00000000e+00  5.47078174e-07  0.00000000e+00  1.80000000e+00  1.80000000e+00  0.00000000e+00  1.80000000e+00  0.00000000e+00  1.80000000e+00 
 1.80000000e+00  5.54585520e-07  1.80000000e+00  1.80000000e+00  1.80000000e+00  0.00000000e+00  1.80000000e+00  0.00000000e+00  1.80000000e+00 
 0.00000000e+00  5.57161378e-07  0.00000000e+00  0.00000000e+00  0.00000000e+00  1.80000000e+00  1.80000000e+00  0.00000000e+00  1.80000000e+00 
 1.80000000e+00  5.64668814e-07  1.80000000e+00  0.00000000e+00  0.00000000e+00  1.80000000e+00  1.80000000e+00  0.00000000e+00  1.80000000e+00 
 0.00000000e+00  5.70616879e-07  0.00000000e+00  1.80000000e+00  0.00000000e+00  1.80000000e+00  1.80000000e+00  0.00000000e+00  1.80000000e+00 
 1.80000000e+00  5.78124253e-07  1.80000000e+00  1.80000000e+00  0.00000000e+00  1.80000000e+00  1.80000000e+00  0.00000000e+00  1.80000000e+00 
 0.00000000e+00  5.82295634e-07  0.00000000e+00  0.00000000e+00  1.80000000e+00  1.80000000e+00  1.80000000e+00  0.00000000e+00  1.80000000e+00 
 1.80000000e+00  5.89802862e-07  1.80000000e+00  0.00000000e+00  1.80000000e+00  1.80000000e+00  1.80000000e+00  0.00000000e+00  1.80000000e+00 
 0.00000000e+00  5.95751140e-07  0.00000000e+00  1.80000000e+00  1.80000000e+00  1.80000000e+00  1.80000000e+00  0.00000000e+00  1.80000000e+00 
 1.80000000e+00  6.03258482e-07  1.80000000e+00  1.80000000e+00  1.80000000e+00  1.80000000e+00  1.80000000e+00  0.00000000e+00  1.80000000e+00 
 0.00000000e+00  6.10292277e-07  0.00000000e+00  0.00000000e+00  0.00000000e+00  0.00000000e+00  0.00000000e+00  1.80000000e+00  1.80000000e+00 
 1.80000000e+00  6.17799620e-07  1.80000000e+00  0.00000000e+00  0.00000000e+00  0.00000000e+00  0.00000000e+00  1.80000000e+00  1.80000000e+00 
 0.00000000e+00  6.23747716e-07  0.00000000e+00  1.80000000e+00  0.00000000e+00  0.00000000e+00  0.00000000e+00  1.80000000e+00  1.80000000e+00 
 1.80000000e+00  6.31255058e-07  1.80000000e+00  1.80000000e+00  0.00000000e+00  0.00000000e+00  0.00000000e+00  1.80000000e+00  1.80000000e+00 
 0.00000000e+00  6.35426507e-07  0.00000000e+00  0.00000000e+00  1.80000000e+00  0.00000000e+00  0.00000000e+00  1.80000000e+00  1.80000000e+00 
 1.80000000e+00  6.42933850e-07  1.80000000e+00  0.00000000e+00  1.80000000e+00  0.00000000e+00  0.00000000e+00  1.80000000e+00  1.80000000e+00 
 0.00000000e+00  6.48881945e-07  0.00000000e+00  1.80000000e+00  1.80000000e+00  0.00000000e+00  0.00000000e+00  1.80000000e+00  1.80000000e+00 
 1.80000000e+00  6.56389288e-07  1.80000000e+00  1.80000000e+00  1.80000000e+00  0.00000000e+00  0.00000000e+00  1.80000000e+00  1.80000000e+00 
 0.00000000e+00  6.58965240e-07  0.00000000e+00  0.00000000e+00  0.00000000e+00  1.80000000e+00  0.00000000e+00  1.80000000e+00  1.80000000e+00 
 1.80000000e+00  6.66472582e-07  1.80000000e+00  0.00000000e+00  0.00000000e+00  1.80000000e+00  0.00000000e+00  1.80000000e+00  1.80000000e+00 
 0.00000000e+00  6.72420678e-07  0.00000000e+00  1.80000000e+00  0.00000000e+00  1.80000000e+00  0.00000000e+00  1.80000000e+00  1.80000000e+00 
 1.80000000e+00  6.79928021e-07  1.80000000e+00  1.80000000e+00  0.00000000e+00  1.80000000e+00  0.00000000e+00  1.80000000e+00  1.80000000e+00 
 0.00000000e+00  6.84099469e-07  0.00000000e+00  0.00000000e+00  1.80000000e+00  1.80000000e+00  0.00000000e+00  1.80000000e+00  1.80000000e+00 
 1.80000000e+00  6.91606812e-07  1.80000000e+00  0.00000000e+00  1.80000000e+00  1.80000000e+00  0.00000000e+00  1.80000000e+00  1.80000000e+00 
 0.00000000e+00  6.97554908e-07  0.00000000e+00  1.80000000e+00  1.80000000e+00  1.80000000e+00  0.00000000e+00  1.80000000e+00  1.80000000e+00 
 1.80000000e+00  7.05062251e-07  1.80000000e+00  1.80000000e+00  1.80000000e+00  1.80000000e+00  0.00000000e+00  1.80000000e+00  1.80000000e+00 
 0.00000000e+00  7.07614312e-07  0.00000000e+00  0.00000000e+00  0.00000000e+00  0.00000000e+00  1.80000000e+00  1.80000000e+00  1.80000000e+00 
 1.80000000e+00  7.15121651e-07  1.80000000e+00  0.00000000e+00  0.00000000e+00  0.00000000e+00  1.80000000e+00  1.80000000e+00  1.80000000e+00 
 0.00000000e+00  7.21069751e-07  0.00000000e+00  1.80000000e+00  0.00000000e+00  0.00000000e+00  1.80000000e+00  1.80000000e+00  1.80000000e+00 
 1.80000000e+00  7.28577091e-07  1.80000000e+00  1.80000000e+00  0.00000000e+00  0.00000000e+00  1.80000000e+00  1.80000000e+00  1.80000000e+00 
 0.00000000e+00  7.32748542e-07  0.00000000e+00  0.00000000e+00  1.80000000e+00  0.00000000e+00  1.80000000e+00  1.80000000e+00  1.80000000e+00 
 1.80000000e+00  7.40255885e-07  1.80000000e+00  0.00000000e+00  1.80000000e+00  0.00000000e+00  1.80000000e+00  1.80000000e+00  1.80000000e+00 
 0.00000000e+00  7.46203980e-07  0.00000000e+00  1.80000000e+00  1.80000000e+00  0.00000000e+00  1.80000000e+00  1.80000000e+00  1.80000000e+00 
 1.80000000e+00  7.53711323e-07  1.80000000e+00  1.80000000e+00  1.80000000e+00  0.00000000e+00  1.80000000e+00  1.80000000e+00  1.80000000e+00 
 0.00000000e+00  7.56287275e-07  0.00000000e+00  0.00000000e+00  0.00000000e+00  1.80000000e+00  1.80000000e+00  1.80000000e+00  1.80000000e+00 
 1.80000000e+00  7.63794617e-07  1.80000000e+00  0.00000000e+00  0.00000000e+00  1.80000000e+00  1.80000000e+00  1.80000000e+00  1.80000000e+00 
 0.00000000e+00  7.69742713e-07  0.00000000e+00  1.80000000e+00  0.00000000e+00  1.80000000e+00  1.80000000e+00  1.80000000e+00  1.80000000e+00 
 1.80000000e+00  7.77250056e-07  1.80000000e+00  1.80000000e+00  0.00000000e+00  1.80000000e+00  1.80000000e+00  1.80000000e+00  1.80000000e+00 
 0.00000000e+00  7.81421504e-07  0.00000000e+00  0.00000000e+00  1.80000000e+00  1.80000000e+00  1.80000000e+00  1.80000000e+00  1.80000000e+00 
 1.80000000e+00  7.88928847e-07  1.80000000e+00  0.00000000e+00  1.80000000e+00  1.80000000e+00  1.80000000e+00  1.80000000e+00  1.80000000e+00 
 0.00000000e+00  7.94876943e-07  0.00000000e+00  1.80000000e+00  1.80000000e+00  1.80000000e+00  1.80000000e+00  1.80000000e+00  1.80000000e+00 
 1.80000000e+00  8.02384286e-07  1.80000000e+00  1.80000000e+00  1.80000000e+00  1.80000000e+00  1.80000000e+00  1.80000000e+00  1.80000000e+00 
