 b0              i(Vout)         v(b0)           v(b1)           v(b2)           v(b3)           v(b4)           v(b5)           v(b6)          
 0.00000000e+00  1.27394055e-11  0.00000000e+00  0.00000000e+00  0.00000000e+00  0.00000000e+00  0.00000000e+00  0.00000000e+00  0.00000000e+00 
 1.80000000e+00  1.57255255e-11  1.80000000e+00  0.00000000e+00  0.00000000e+00  0.00000000e+00  0.00000000e+00  0.00000000e+00  0.00000000e+00 
 0.00000000e+00  1.57255242e-11  0.00000000e+00  1.80000000e+00  0.00000000e+00  0.00000000e+00  0.00000000e+00  0.00000000e+00  0.00000000e+00 
 1.80000000e+00  1.87116432e-11  1.80000000e+00  1.80000000e+00  0.00000000e+00  0.00000000e+00  0.00000000e+00  0.00000000e+00  0.00000000e+00 
 0.00000000e+00  1.57255258e-11  0.00000000e+00  0.00000000e+00  1.80000000e+00  0.00000000e+00  0.00000000e+00  0.00000000e+00  0.00000000e+00 
 1.80000000e+00  1.87116440e-11  1.80000000e+00  0.00000000e+00  1.80000000e+00  0.00000000e+00  0.00000000e+00  0.00000000e+00  0.00000000e+00 
 0.00000000e+00  1.87116450e-11  0.00000000e+00  1.80000000e+00  1.80000000e+00  0.00000000e+00  0.00000000e+00  0.00000000e+00  0.00000000e+00 
 1.80000000e+00  2.16977645e-11  1.80000000e+00  1.80000000e+00  1.80000000e+00  0.00000000e+00  0.00000000e+00  0.00000000e+00  0.00000000e+00 
 0.00000000e+00  1.57255245e-11  0.00000000e+00  0.00000000e+00  0.00000000e+00  1.80000000e+00  0.00000000e+00  0.00000000e+00  0.00000000e+00 
 1.80000000e+00  1.87116435e-11  1.80000000e+00  0.00000000e+00  0.00000000e+00  1.80000000e+00  0.00000000e+00  0.00000000e+00  0.00000000e+00 
 0.00000000e+00  1.87116466e-11  0.00000000e+00  1.80000000e+00  0.00000000e+00  1.80000000e+00  0.00000000e+00  0.00000000e+00  0.00000000e+00 
 1.80000000e+00  2.16977655e-11  1.80000000e+00  1.80000000e+00  0.00000000e+00  1.80000000e+00  0.00000000e+00  0.00000000e+00  0.00000000e+00 
 0.00000000e+00  1.87116447e-11  0.00000000e+00  0.00000000e+00  1.80000000e+00  1.80000000e+00  0.00000000e+00  0.00000000e+00  0.00000000e+00 
 1.80000000e+00  2.16977649e-11  1.80000000e+00  0.00000000e+00  1.80000000e+00  1.80000000e+00  0.00000000e+00  0.00000000e+00  0.00000000e+00 
 0.00000000e+00  2.16977648e-11  0.00000000e+00  1.80000000e+00  1.80000000e+00  1.80000000e+00  0.00000000e+00  0.00000000e+00  0.00000000e+00 
 1.80000000e+00  2.46838855e-11  1.80000000e+00  1.80000000e+00  1.80000000e+00  1.80000000e+00  0.00000000e+00  0.00000000e+00  0.00000000e+00 
 0.00000000e+00  1.57255086e-11  0.00000000e+00  0.00000000e+00  0.00000000e+00  0.00000000e+00  1.80000000e+00  0.00000000e+00  0.00000000e+00 
 1.80000000e+00  1.87116450e-11  1.80000000e+00  0.00000000e+00  0.00000000e+00  0.00000000e+00  1.80000000e+00  0.00000000e+00  0.00000000e+00 
 0.00000000e+00  1.87116459e-11  0.00000000e+00  1.80000000e+00  0.00000000e+00  0.00000000e+00  1.80000000e+00  0.00000000e+00  0.00000000e+00 
 1.80000000e+00  2.16977645e-11  1.80000000e+00  1.80000000e+00  0.00000000e+00  0.00000000e+00  1.80000000e+00  0.00000000e+00  0.00000000e+00 
 0.00000000e+00  1.87116464e-11  0.00000000e+00  0.00000000e+00  1.80000000e+00  0.00000000e+00  1.80000000e+00  0.00000000e+00  0.00000000e+00 
 1.80000000e+00  2.16977642e-11  1.80000000e+00  0.00000000e+00  1.80000000e+00  0.00000000e+00  1.80000000e+00  0.00000000e+00  0.00000000e+00 
 0.00000000e+00  2.16977648e-11  0.00000000e+00  1.80000000e+00  1.80000000e+00  0.00000000e+00  1.80000000e+00  0.00000000e+00  0.00000000e+00 
 1.80000000e+00  2.46838849e-11  1.80000000e+00  1.80000000e+00  1.80000000e+00  0.00000000e+00  1.80000000e+00  0.00000000e+00  0.00000000e+00 
 0.00000000e+00  1.87116451e-11  0.00000000e+00  0.00000000e+00  0.00000000e+00  1.80000000e+00  1.80000000e+00  0.00000000e+00  0.00000000e+00 
 1.80000000e+00  2.16977648e-11  1.80000000e+00  0.00000000e+00  0.00000000e+00  1.80000000e+00  1.80000000e+00  0.00000000e+00  0.00000000e+00 
 0.00000000e+00  2.16977669e-11  0.00000000e+00  1.80000000e+00  0.00000000e+00  1.80000000e+00  1.80000000e+00  0.00000000e+00  0.00000000e+00 
 1.80000000e+00  2.46838853e-11  1.80000000e+00  1.80000000e+00  0.00000000e+00  1.80000000e+00  1.80000000e+00  0.00000000e+00  0.00000000e+00 
 0.00000000e+00  2.16977647e-11  0.00000000e+00  0.00000000e+00  1.80000000e+00  1.80000000e+00  1.80000000e+00  0.00000000e+00  0.00000000e+00 
 1.80000000e+00  2.46838847e-11  1.80000000e+00  0.00000000e+00  1.80000000e+00  1.80000000e+00  1.80000000e+00  0.00000000e+00  0.00000000e+00 
 0.00000000e+00  2.46838844e-11  0.00000000e+00  1.80000000e+00  1.80000000e+00  1.80000000e+00  1.80000000e+00  0.00000000e+00  0.00000000e+00 
 1.80000000e+00  2.76700041e-11  1.80000000e+00  1.80000000e+00  1.80000000e+00  1.80000000e+00  1.80000000e+00  0.00000000e+00  0.00000000e+00 
 0.00000000e+00  1.57255255e-11  0.00000000e+00  0.00000000e+00  0.00000000e+00  0.00000000e+00  0.00000000e+00  1.80000000e+00  0.00000000e+00 
 1.80000000e+00  1.87116461e-11  1.80000000e+00  0.00000000e+00  0.00000000e+00  0.00000000e+00  0.00000000e+00  1.80000000e+00  0.00000000e+00 
 0.00000000e+00  1.87116443e-11  0.00000000e+00  1.80000000e+00  0.00000000e+00  0.00000000e+00  0.00000000e+00  1.80000000e+00  0.00000000e+00 
 1.80000000e+00  2.16977667e-11  1.80000000e+00  1.80000000e+00  0.00000000e+00  0.00000000e+00  0.00000000e+00  1.80000000e+00  0.00000000e+00 
 0.00000000e+00  1.87116460e-11  0.00000000e+00  0.00000000e+00  1.80000000e+00  0.00000000e+00  0.00000000e+00  1.80000000e+00  0.00000000e+00 
 1.80000000e+00  2.16977645e-11  1.80000000e+00  0.00000000e+00  1.80000000e+00  0.00000000e+00  0.00000000e+00  1.80000000e+00  0.00000000e+00 
 0.00000000e+00  2.16977665e-11  0.00000000e+00  1.80000000e+00  1.80000000e+00  0.00000000e+00  0.00000000e+00  1.80000000e+00  0.00000000e+00 
 1.80000000e+00  2.46838857e-11  1.80000000e+00  1.80000000e+00  1.80000000e+00  0.00000000e+00  0.00000000e+00  1.80000000e+00  0.00000000e+00 
 0.00000000e+00  1.87116449e-11  0.00000000e+00  0.00000000e+00  0.00000000e+00  1.80000000e+00  0.00000000e+00  1.80000000e+00  0.00000000e+00 
 1.80000000e+00  2.16977659e-11  1.80000000e+00  0.00000000e+00  0.00000000e+00  1.80000000e+00  0.00000000e+00  1.80000000e+00  0.00000000e+00 
 0.00000000e+00  2.16977667e-11  0.00000000e+00  1.80000000e+00  0.00000000e+00  1.80000000e+00  0.00000000e+00  1.80000000e+00  0.00000000e+00 
 1.80000000e+00  2.46838862e-11  1.80000000e+00  1.80000000e+00  0.00000000e+00  1.80000000e+00  0.00000000e+00  1.80000000e+00  0.00000000e+00 
 0.00000000e+00  2.16977664e-11  0.00000000e+00  0.00000000e+00  1.80000000e+00  1.80000000e+00  0.00000000e+00  1.80000000e+00  0.00000000e+00 
 1.80000000e+00  2.46838864e-11  1.80000000e+00  0.00000000e+00  1.80000000e+00  1.80000000e+00  0.00000000e+00  1.80000000e+00  0.00000000e+00 
 0.00000000e+00  2.46838822e-11  0.00000000e+00  1.80000000e+00  1.80000000e+00  1.80000000e+00  0.00000000e+00  1.80000000e+00  0.00000000e+00 
 1.80000000e+00  2.76700049e-11  1.80000000e+00  1.80000000e+00  1.80000000e+00  1.80000000e+00  0.00000000e+00  1.80000000e+00  0.00000000e+00 
 0.00000000e+00  1.87116470e-11  0.00000000e+00  0.00000000e+00  0.00000000e+00  0.00000000e+00  1.80000000e+00  1.80000000e+00  0.00000000e+00 
 1.80000000e+00  2.16977663e-11  1.80000000e+00  0.00000000e+00  0.00000000e+00  0.00000000e+00  1.80000000e+00  1.80000000e+00  0.00000000e+00 
 0.00000000e+00  2.16977668e-11  0.00000000e+00  1.80000000e+00  0.00000000e+00  0.00000000e+00  1.80000000e+00  1.80000000e+00  0.00000000e+00 
 1.80000000e+00  2.46838872e-11  1.80000000e+00  1.80000000e+00  0.00000000e+00  0.00000000e+00  1.80000000e+00  1.80000000e+00  0.00000000e+00 
 0.00000000e+00  2.16977653e-11  0.00000000e+00  0.00000000e+00  1.80000000e+00  0.00000000e+00  1.80000000e+00  1.80000000e+00  0.00000000e+00 
 1.80000000e+00  2.46838841e-11  1.80000000e+00  0.00000000e+00  1.80000000e+00  0.00000000e+00  1.80000000e+00  1.80000000e+00  0.00000000e+00 
 0.00000000e+00  2.46838870e-11  0.00000000e+00  1.80000000e+00  1.80000000e+00  0.00000000e+00  1.80000000e+00  1.80000000e+00  0.00000000e+00 
 1.80000000e+00  2.76700067e-11  1.80000000e+00  1.80000000e+00  1.80000000e+00  0.00000000e+00  1.80000000e+00  1.80000000e+00  0.00000000e+00 
 0.00000000e+00  2.16977640e-11  0.00000000e+00  0.00000000e+00  0.00000000e+00  1.80000000e+00  1.80000000e+00  1.80000000e+00  0.00000000e+00 
 1.80000000e+00  2.46838843e-11  1.80000000e+00  0.00000000e+00  0.00000000e+00  1.80000000e+00  1.80000000e+00  1.80000000e+00  0.00000000e+00 
 0.00000000e+00  2.46838864e-11  0.00000000e+00  1.80000000e+00  0.00000000e+00  1.80000000e+00  1.80000000e+00  1.80000000e+00  0.00000000e+00 
 1.80000000e+00  2.76700061e-11  1.80000000e+00  1.80000000e+00  0.00000000e+00  1.80000000e+00  1.80000000e+00  1.80000000e+00  0.00000000e+00 
 0.00000000e+00  2.46838866e-11  0.00000000e+00  0.00000000e+00  1.80000000e+00  1.80000000e+00  1.80000000e+00  1.80000000e+00  0.00000000e+00 
 1.80000000e+00  2.76700054e-11  1.80000000e+00  0.00000000e+00  1.80000000e+00  1.80000000e+00  1.80000000e+00  1.80000000e+00  0.00000000e+00 
 0.00000000e+00  2.76700053e-11  0.00000000e+00  1.80000000e+00  1.80000000e+00  1.80000000e+00  1.80000000e+00  1.80000000e+00  0.00000000e+00 
 1.80000000e+00  3.06561276e-11  1.80000000e+00  1.80000000e+00  1.80000000e+00  1.80000000e+00  1.80000000e+00  1.80000000e+00  0.00000000e+00 
 0.00000000e+00  1.57255263e-11  0.00000000e+00  0.00000000e+00  0.00000000e+00  0.00000000e+00  0.00000000e+00  0.00000000e+00  1.80000000e+00 
 1.80000000e+00  1.87116495e-11  1.80000000e+00  0.00000000e+00  0.00000000e+00  0.00000000e+00  0.00000000e+00  0.00000000e+00  1.80000000e+00 
 0.00000000e+00  1.87116483e-11  0.00000000e+00  1.80000000e+00  0.00000000e+00  0.00000000e+00  0.00000000e+00  0.00000000e+00  1.80000000e+00 
 1.80000000e+00  2.16977672e-11  1.80000000e+00  1.80000000e+00  0.00000000e+00  0.00000000e+00  0.00000000e+00  0.00000000e+00  1.80000000e+00 
 0.00000000e+00  1.87116499e-11  0.00000000e+00  0.00000000e+00  1.80000000e+00  0.00000000e+00  0.00000000e+00  0.00000000e+00  1.80000000e+00 
 1.80000000e+00  2.16977680e-11  1.80000000e+00  0.00000000e+00  1.80000000e+00  0.00000000e+00  0.00000000e+00  0.00000000e+00  1.80000000e+00 
 0.00000000e+00  2.16977690e-11  0.00000000e+00  1.80000000e+00  1.80000000e+00  0.00000000e+00  0.00000000e+00  0.00000000e+00  1.80000000e+00 
 1.80000000e+00  2.46838885e-11  1.80000000e+00  1.80000000e+00  1.80000000e+00  0.00000000e+00  0.00000000e+00  0.00000000e+00  1.80000000e+00 
 0.00000000e+00  1.87116486e-11  0.00000000e+00  0.00000000e+00  0.00000000e+00  1.80000000e+00  0.00000000e+00  0.00000000e+00  1.80000000e+00 
 1.80000000e+00  2.16977676e-11  1.80000000e+00  0.00000000e+00  0.00000000e+00  1.80000000e+00  0.00000000e+00  0.00000000e+00  1.80000000e+00 
 0.00000000e+00  2.16977706e-11  0.00000000e+00  1.80000000e+00  0.00000000e+00  1.80000000e+00  0.00000000e+00  0.00000000e+00  1.80000000e+00 
 1.80000000e+00  2.46838896e-11  1.80000000e+00  1.80000000e+00  0.00000000e+00  1.80000000e+00  0.00000000e+00  0.00000000e+00  1.80000000e+00 
 0.00000000e+00  2.16977687e-11  0.00000000e+00  0.00000000e+00  1.80000000e+00  1.80000000e+00  0.00000000e+00  0.00000000e+00  1.80000000e+00 
 1.80000000e+00  2.46838889e-11  1.80000000e+00  0.00000000e+00  1.80000000e+00  1.80000000e+00  0.00000000e+00  0.00000000e+00  1.80000000e+00 
 0.00000000e+00  2.46838888e-11  0.00000000e+00  1.80000000e+00  1.80000000e+00  1.80000000e+00  0.00000000e+00  0.00000000e+00  1.80000000e+00 
 1.80000000e+00  2.76700096e-11  1.80000000e+00  1.80000000e+00  1.80000000e+00  1.80000000e+00  0.00000000e+00  0.00000000e+00  1.80000000e+00 
 0.00000000e+00  1.87116294e-11  0.00000000e+00  0.00000000e+00  0.00000000e+00  0.00000000e+00  1.80000000e+00  0.00000000e+00  1.80000000e+00 
 1.80000000e+00  2.16977690e-11  1.80000000e+00  0.00000000e+00  0.00000000e+00  0.00000000e+00  1.80000000e+00  0.00000000e+00  1.80000000e+00 
 0.00000000e+00  2.16977700e-11  0.00000000e+00  1.80000000e+00  0.00000000e+00  0.00000000e+00  1.80000000e+00  0.00000000e+00  1.80000000e+00 
 1.80000000e+00  2.46838885e-11  1.80000000e+00  1.80000000e+00  0.00000000e+00  0.00000000e+00  1.80000000e+00  0.00000000e+00  1.80000000e+00 
 0.00000000e+00  2.16977704e-11  0.00000000e+00  0.00000000e+00  1.80000000e+00  0.00000000e+00  1.80000000e+00  0.00000000e+00  1.80000000e+00 
 1.80000000e+00  2.46838883e-11  1.80000000e+00  0.00000000e+00  1.80000000e+00  0.00000000e+00  1.80000000e+00  0.00000000e+00  1.80000000e+00 
 0.00000000e+00  2.46838889e-11  0.00000000e+00  1.80000000e+00  1.80000000e+00  0.00000000e+00  1.80000000e+00  0.00000000e+00  1.80000000e+00 
 1.80000000e+00  2.76700089e-11  1.80000000e+00  1.80000000e+00  1.80000000e+00  0.00000000e+00  1.80000000e+00  0.00000000e+00  1.80000000e+00 
 0.00000000e+00  2.16977691e-11  0.00000000e+00  0.00000000e+00  0.00000000e+00  1.80000000e+00  1.80000000e+00  0.00000000e+00  1.80000000e+00 
 1.80000000e+00  2.46838888e-11  1.80000000e+00  0.00000000e+00  0.00000000e+00  1.80000000e+00  1.80000000e+00  0.00000000e+00  1.80000000e+00 
 0.00000000e+00  2.46838909e-11  0.00000000e+00  1.80000000e+00  0.00000000e+00  1.80000000e+00  1.80000000e+00  0.00000000e+00  1.80000000e+00 
 1.80000000e+00  2.76700094e-11  1.80000000e+00  1.80000000e+00  0.00000000e+00  1.80000000e+00  1.80000000e+00  0.00000000e+00  1.80000000e+00 
 0.00000000e+00  2.46838888e-11  0.00000000e+00  0.00000000e+00  1.80000000e+00  1.80000000e+00  1.80000000e+00  0.00000000e+00  1.80000000e+00 
 1.80000000e+00  2.76700087e-11  1.80000000e+00  0.00000000e+00  1.80000000e+00  1.80000000e+00  1.80000000e+00  0.00000000e+00  1.80000000e+00 
 0.00000000e+00  2.76700088e-11  0.00000000e+00  1.80000000e+00  1.80000000e+00  1.80000000e+00  1.80000000e+00  0.00000000e+00  1.80000000e+00 
 1.80000000e+00  3.06561284e-11  1.80000000e+00  1.80000000e+00  1.80000000e+00  1.80000000e+00  1.80000000e+00  0.00000000e+00  1.80000000e+00 
 0.00000000e+00  1.87116462e-11  0.00000000e+00  0.00000000e+00  0.00000000e+00  0.00000000e+00  0.00000000e+00  1.80000000e+00  1.80000000e+00 
 1.80000000e+00  2.16977702e-11  1.80000000e+00  0.00000000e+00  0.00000000e+00  0.00000000e+00  0.00000000e+00  1.80000000e+00  1.80000000e+00 
 0.00000000e+00  2.16977683e-11  0.00000000e+00  1.80000000e+00  0.00000000e+00  0.00000000e+00  0.00000000e+00  1.80000000e+00  1.80000000e+00 
 1.80000000e+00  2.46838907e-11  1.80000000e+00  1.80000000e+00  0.00000000e+00  0.00000000e+00  0.00000000e+00  1.80000000e+00  1.80000000e+00 
 0.00000000e+00  2.16977700e-11  0.00000000e+00  0.00000000e+00  1.80000000e+00  0.00000000e+00  0.00000000e+00  1.80000000e+00  1.80000000e+00 
 1.80000000e+00  2.46838885e-11  1.80000000e+00  0.00000000e+00  1.80000000e+00  0.00000000e+00  0.00000000e+00  1.80000000e+00  1.80000000e+00 
 0.00000000e+00  2.46838905e-11  0.00000000e+00  1.80000000e+00  1.80000000e+00  0.00000000e+00  0.00000000e+00  1.80000000e+00  1.80000000e+00 
 1.80000000e+00  2.76700098e-11  1.80000000e+00  1.80000000e+00  1.80000000e+00  0.00000000e+00  0.00000000e+00  1.80000000e+00  1.80000000e+00 
 0.00000000e+00  2.16977690e-11  0.00000000e+00  0.00000000e+00  0.00000000e+00  1.80000000e+00  0.00000000e+00  1.80000000e+00  1.80000000e+00 
 1.80000000e+00  2.46838899e-11  1.80000000e+00  0.00000000e+00  0.00000000e+00  1.80000000e+00  0.00000000e+00  1.80000000e+00  1.80000000e+00 
 0.00000000e+00  2.46838907e-11  0.00000000e+00  1.80000000e+00  0.00000000e+00  1.80000000e+00  0.00000000e+00  1.80000000e+00  1.80000000e+00 
 1.80000000e+00  2.76700102e-11  1.80000000e+00  1.80000000e+00  0.00000000e+00  1.80000000e+00  0.00000000e+00  1.80000000e+00  1.80000000e+00 
 0.00000000e+00  2.46838905e-11  0.00000000e+00  0.00000000e+00  1.80000000e+00  1.80000000e+00  0.00000000e+00  1.80000000e+00  1.80000000e+00 
 1.80000000e+00  2.76700105e-11  1.80000000e+00  0.00000000e+00  1.80000000e+00  1.80000000e+00  0.00000000e+00  1.80000000e+00  1.80000000e+00 
 0.00000000e+00  2.76700070e-11  0.00000000e+00  1.80000000e+00  1.80000000e+00  1.80000000e+00  0.00000000e+00  1.80000000e+00  1.80000000e+00 
 1.80000000e+00  3.06561290e-11  1.80000000e+00  1.80000000e+00  1.80000000e+00  1.80000000e+00  0.00000000e+00  1.80000000e+00  1.80000000e+00 
 0.00000000e+00  2.16977710e-11  0.00000000e+00  0.00000000e+00  0.00000000e+00  0.00000000e+00  1.80000000e+00  1.80000000e+00  1.80000000e+00 
 1.80000000e+00  2.46838904e-11  1.80000000e+00  0.00000000e+00  0.00000000e+00  0.00000000e+00  1.80000000e+00  1.80000000e+00  1.80000000e+00 
 0.00000000e+00  2.46838908e-11  0.00000000e+00  1.80000000e+00  0.00000000e+00  0.00000000e+00  1.80000000e+00  1.80000000e+00  1.80000000e+00 
 1.80000000e+00  2.76700112e-11  1.80000000e+00  1.80000000e+00  0.00000000e+00  0.00000000e+00  1.80000000e+00  1.80000000e+00  1.80000000e+00 
 0.00000000e+00  2.46838893e-11  0.00000000e+00  0.00000000e+00  1.80000000e+00  0.00000000e+00  1.80000000e+00  1.80000000e+00  1.80000000e+00 
 1.80000000e+00  2.76700082e-11  1.80000000e+00  0.00000000e+00  1.80000000e+00  0.00000000e+00  1.80000000e+00  1.80000000e+00  1.80000000e+00 
 0.00000000e+00  2.76700111e-11  0.00000000e+00  1.80000000e+00  1.80000000e+00  0.00000000e+00  1.80000000e+00  1.80000000e+00  1.80000000e+00 
 1.80000000e+00  3.06561308e-11  1.80000000e+00  1.80000000e+00  1.80000000e+00  0.00000000e+00  1.80000000e+00  1.80000000e+00  1.80000000e+00 
 0.00000000e+00  2.46838880e-11  0.00000000e+00  0.00000000e+00  0.00000000e+00  1.80000000e+00  1.80000000e+00  1.80000000e+00  1.80000000e+00 
 1.80000000e+00  2.76700083e-11  1.80000000e+00  0.00000000e+00  0.00000000e+00  1.80000000e+00  1.80000000e+00  1.80000000e+00  1.80000000e+00 
 0.00000000e+00  2.76700105e-11  0.00000000e+00  1.80000000e+00  0.00000000e+00  1.80000000e+00  1.80000000e+00  1.80000000e+00  1.80000000e+00 
 1.80000000e+00  3.06561302e-11  1.80000000e+00  1.80000000e+00  0.00000000e+00  1.80000000e+00  1.80000000e+00  1.80000000e+00  1.80000000e+00 
 0.00000000e+00  2.76700107e-11  0.00000000e+00  0.00000000e+00  1.80000000e+00  1.80000000e+00  1.80000000e+00  1.80000000e+00  1.80000000e+00 
 1.80000000e+00  3.06561294e-11  1.80000000e+00  0.00000000e+00  1.80000000e+00  1.80000000e+00  1.80000000e+00  1.80000000e+00  1.80000000e+00 
 0.00000000e+00  3.06561302e-11  0.00000000e+00  1.80000000e+00  1.80000000e+00  1.80000000e+00  1.80000000e+00  1.80000000e+00  1.80000000e+00 
 1.80000000e+00  3.36422529e-11  1.80000000e+00  1.80000000e+00  1.80000000e+00  1.80000000e+00  1.80000000e+00  1.80000000e+00  1.80000000e+00 
