 b0              i(Vout)         v(b0)           v(b1)           v(b2)           v(b3)           v(b4)           v(b5)           v(b6)          
 0.00000000e+00  1.27394055e-11  0.00000000e+00  0.00000000e+00  0.00000000e+00  0.00000000e+00  0.00000000e+00  0.00000000e+00  0.00000000e+00 
 1.80000000e+00  5.41669711e-09  1.80000000e+00  0.00000000e+00  0.00000000e+00  0.00000000e+00  0.00000000e+00  0.00000000e+00  0.00000000e+00 
 0.00000000e+00  9.56960787e-09  0.00000000e+00  1.80000000e+00  0.00000000e+00  0.00000000e+00  0.00000000e+00  0.00000000e+00  0.00000000e+00 
 1.80000000e+00  1.49735655e-08  1.80000000e+00  1.80000000e+00  0.00000000e+00  0.00000000e+00  0.00000000e+00  0.00000000e+00  0.00000000e+00 
 0.00000000e+00  1.75660869e-08  0.00000000e+00  0.00000000e+00  1.80000000e+00  0.00000000e+00  0.00000000e+00  0.00000000e+00  0.00000000e+00 
 1.80000000e+00  2.29698127e-08  1.80000000e+00  0.00000000e+00  1.80000000e+00  0.00000000e+00  0.00000000e+00  0.00000000e+00  0.00000000e+00 
 0.00000000e+00  2.71229554e-08  0.00000000e+00  1.80000000e+00  1.80000000e+00  0.00000000e+00  0.00000000e+00  0.00000000e+00  0.00000000e+00 
 1.80000000e+00  3.25269131e-08  1.80000000e+00  1.80000000e+00  1.80000000e+00  0.00000000e+00  0.00000000e+00  0.00000000e+00  0.00000000e+00 
 0.00000000e+00  3.33754793e-08  0.00000000e+00  0.00000000e+00  0.00000000e+00  1.80000000e+00  0.00000000e+00  0.00000000e+00  0.00000000e+00 
 1.80000000e+00  3.87794370e-08  1.80000000e+00  0.00000000e+00  0.00000000e+00  1.80000000e+00  0.00000000e+00  0.00000000e+00  0.00000000e+00 
 0.00000000e+00  4.29323478e-08  0.00000000e+00  1.80000000e+00  0.00000000e+00  1.80000000e+00  0.00000000e+00  0.00000000e+00  0.00000000e+00 
 1.80000000e+00  4.83363050e-08  1.80000000e+00  1.80000000e+00  0.00000000e+00  1.80000000e+00  0.00000000e+00  0.00000000e+00  0.00000000e+00 
 0.00000000e+00  5.09288268e-08  0.00000000e+00  0.00000000e+00  1.80000000e+00  1.80000000e+00  0.00000000e+00  0.00000000e+00  0.00000000e+00 
 1.80000000e+00  5.63327845e-08  1.80000000e+00  0.00000000e+00  1.80000000e+00  1.80000000e+00  0.00000000e+00  0.00000000e+00  0.00000000e+00 
 0.00000000e+00  6.04856953e-08  0.00000000e+00  1.80000000e+00  1.80000000e+00  1.80000000e+00  0.00000000e+00  0.00000000e+00  0.00000000e+00 
 1.80000000e+00  6.58896530e-08  1.80000000e+00  1.80000000e+00  1.80000000e+00  1.80000000e+00  0.00000000e+00  0.00000000e+00  0.00000000e+00 
 0.00000000e+00  6.55798414e-08  0.00000000e+00  0.00000000e+00  0.00000000e+00  0.00000000e+00  1.80000000e+00  0.00000000e+00  0.00000000e+00 
 1.80000000e+00  7.09837991e-08  1.80000000e+00  0.00000000e+00  0.00000000e+00  0.00000000e+00  1.80000000e+00  0.00000000e+00  0.00000000e+00 
 0.00000000e+00  7.51367100e-08  0.00000000e+00  1.80000000e+00  0.00000000e+00  0.00000000e+00  1.80000000e+00  0.00000000e+00  0.00000000e+00 
 1.80000000e+00  8.05406675e-08  1.80000000e+00  1.80000000e+00  0.00000000e+00  0.00000000e+00  1.80000000e+00  0.00000000e+00  0.00000000e+00 
 0.00000000e+00  8.31331891e-08  0.00000000e+00  0.00000000e+00  1.80000000e+00  0.00000000e+00  1.80000000e+00  0.00000000e+00  0.00000000e+00 
 1.80000000e+00  8.85366537e-08  1.80000000e+00  0.00000000e+00  1.80000000e+00  0.00000000e+00  1.80000000e+00  0.00000000e+00  0.00000000e+00 
 0.00000000e+00  9.26900574e-08  0.00000000e+00  1.80000000e+00  1.80000000e+00  0.00000000e+00  1.80000000e+00  0.00000000e+00  0.00000000e+00 
 1.80000000e+00  9.80940151e-08  1.80000000e+00  1.80000000e+00  1.80000000e+00  0.00000000e+00  1.80000000e+00  0.00000000e+00  0.00000000e+00 
 0.00000000e+00  9.89425813e-08  0.00000000e+00  0.00000000e+00  0.00000000e+00  1.80000000e+00  1.80000000e+00  0.00000000e+00  0.00000000e+00 
 1.80000000e+00  1.04346539e-07  1.80000000e+00  0.00000000e+00  0.00000000e+00  1.80000000e+00  1.80000000e+00  0.00000000e+00  0.00000000e+00 
 0.00000000e+00  1.08499450e-07  0.00000000e+00  1.80000000e+00  0.00000000e+00  1.80000000e+00  1.80000000e+00  0.00000000e+00  0.00000000e+00 
 1.80000000e+00  1.13903407e-07  1.80000000e+00  1.80000000e+00  0.00000000e+00  1.80000000e+00  1.80000000e+00  0.00000000e+00  0.00000000e+00 
 0.00000000e+00  1.16495920e-07  0.00000000e+00  0.00000000e+00  1.80000000e+00  1.80000000e+00  1.80000000e+00  0.00000000e+00  0.00000000e+00 
 1.80000000e+00  1.21899886e-07  1.80000000e+00  0.00000000e+00  1.80000000e+00  1.80000000e+00  1.80000000e+00  0.00000000e+00  0.00000000e+00 
 0.00000000e+00  1.26052797e-07  0.00000000e+00  1.80000000e+00  1.80000000e+00  1.80000000e+00  1.80000000e+00  0.00000000e+00  0.00000000e+00 
 1.80000000e+00  1.31456755e-07  1.80000000e+00  1.80000000e+00  1.80000000e+00  1.80000000e+00  1.80000000e+00  0.00000000e+00  0.00000000e+00 
 0.00000000e+00  1.32594857e-07  0.00000000e+00  0.00000000e+00  0.00000000e+00  0.00000000e+00  0.00000000e+00  1.80000000e+00  0.00000000e+00 
 1.80000000e+00  1.37998815e-07  1.80000000e+00  0.00000000e+00  0.00000000e+00  0.00000000e+00  0.00000000e+00  1.80000000e+00  0.00000000e+00 
 0.00000000e+00  1.42151726e-07  0.00000000e+00  1.80000000e+00  0.00000000e+00  0.00000000e+00  0.00000000e+00  1.80000000e+00  0.00000000e+00 
 1.80000000e+00  1.47555684e-07  1.80000000e+00  1.80000000e+00  0.00000000e+00  0.00000000e+00  0.00000000e+00  1.80000000e+00  0.00000000e+00 
 0.00000000e+00  1.50148205e-07  0.00000000e+00  0.00000000e+00  1.80000000e+00  0.00000000e+00  0.00000000e+00  1.80000000e+00  0.00000000e+00 
 1.80000000e+00  1.55552163e-07  1.80000000e+00  0.00000000e+00  1.80000000e+00  0.00000000e+00  0.00000000e+00  1.80000000e+00  0.00000000e+00 
 0.00000000e+00  1.59705073e-07  0.00000000e+00  1.80000000e+00  1.80000000e+00  0.00000000e+00  0.00000000e+00  1.80000000e+00  0.00000000e+00 
 1.80000000e+00  1.65109031e-07  1.80000000e+00  1.80000000e+00  1.80000000e+00  0.00000000e+00  0.00000000e+00  1.80000000e+00  0.00000000e+00 
 0.00000000e+00  1.65957597e-07  0.00000000e+00  0.00000000e+00  0.00000000e+00  1.80000000e+00  0.00000000e+00  1.80000000e+00  0.00000000e+00 
 1.80000000e+00  1.71361555e-07  1.80000000e+00  0.00000000e+00  0.00000000e+00  1.80000000e+00  0.00000000e+00  1.80000000e+00  0.00000000e+00 
 0.00000000e+00  1.75514466e-07  0.00000000e+00  1.80000000e+00  0.00000000e+00  1.80000000e+00  0.00000000e+00  1.80000000e+00  0.00000000e+00 
 1.80000000e+00  1.80918424e-07  1.80000000e+00  1.80000000e+00  0.00000000e+00  1.80000000e+00  0.00000000e+00  1.80000000e+00  0.00000000e+00 
 0.00000000e+00  1.83510945e-07  0.00000000e+00  0.00000000e+00  1.80000000e+00  1.80000000e+00  0.00000000e+00  1.80000000e+00  0.00000000e+00 
 1.80000000e+00  1.88914903e-07  1.80000000e+00  0.00000000e+00  1.80000000e+00  1.80000000e+00  0.00000000e+00  1.80000000e+00  0.00000000e+00 
 0.00000000e+00  1.93067813e-07  0.00000000e+00  1.80000000e+00  1.80000000e+00  1.80000000e+00  0.00000000e+00  1.80000000e+00  0.00000000e+00 
 1.80000000e+00  1.98471771e-07  1.80000000e+00  1.80000000e+00  1.80000000e+00  1.80000000e+00  0.00000000e+00  1.80000000e+00  0.00000000e+00 
 0.00000000e+00  1.98161959e-07  0.00000000e+00  0.00000000e+00  0.00000000e+00  0.00000000e+00  1.80000000e+00  1.80000000e+00  0.00000000e+00 
 1.80000000e+00  2.03565917e-07  1.80000000e+00  0.00000000e+00  0.00000000e+00  0.00000000e+00  1.80000000e+00  1.80000000e+00  0.00000000e+00 
 0.00000000e+00  2.07718828e-07  0.00000000e+00  1.80000000e+00  0.00000000e+00  0.00000000e+00  1.80000000e+00  1.80000000e+00  0.00000000e+00 
 1.80000000e+00  2.13122985e-07  1.80000000e+00  1.80000000e+00  0.00000000e+00  0.00000000e+00  1.80000000e+00  1.80000000e+00  0.00000000e+00 
 0.00000000e+00  2.15715307e-07  0.00000000e+00  0.00000000e+00  1.80000000e+00  0.00000000e+00  1.80000000e+00  1.80000000e+00  0.00000000e+00 
 1.80000000e+00  2.21119265e-07  1.80000000e+00  0.00000000e+00  1.80000000e+00  0.00000000e+00  1.80000000e+00  1.80000000e+00  0.00000000e+00 
 0.00000000e+00  2.25272175e-07  0.00000000e+00  1.80000000e+00  1.80000000e+00  0.00000000e+00  1.80000000e+00  1.80000000e+00  0.00000000e+00 
 1.80000000e+00  2.30676133e-07  1.80000000e+00  1.80000000e+00  1.80000000e+00  0.00000000e+00  1.80000000e+00  1.80000000e+00  0.00000000e+00 
 0.00000000e+00  2.31524699e-07  0.00000000e+00  0.00000000e+00  0.00000000e+00  1.80000000e+00  1.80000000e+00  1.80000000e+00  0.00000000e+00 
 1.80000000e+00  2.36928657e-07  1.80000000e+00  0.00000000e+00  0.00000000e+00  1.80000000e+00  1.80000000e+00  1.80000000e+00  0.00000000e+00 
 0.00000000e+00  2.41081568e-07  0.00000000e+00  1.80000000e+00  0.00000000e+00  1.80000000e+00  1.80000000e+00  1.80000000e+00  0.00000000e+00 
 1.80000000e+00  2.46485526e-07  1.80000000e+00  1.80000000e+00  0.00000000e+00  1.80000000e+00  1.80000000e+00  1.80000000e+00  0.00000000e+00 
 0.00000000e+00  2.49078047e-07  0.00000000e+00  0.00000000e+00  1.80000000e+00  1.80000000e+00  1.80000000e+00  1.80000000e+00  0.00000000e+00 
 1.80000000e+00  2.54482005e-07  1.80000000e+00  0.00000000e+00  1.80000000e+00  1.80000000e+00  1.80000000e+00  1.80000000e+00  0.00000000e+00 
 0.00000000e+00  2.58634915e-07  0.00000000e+00  1.80000000e+00  1.80000000e+00  1.80000000e+00  1.80000000e+00  1.80000000e+00  0.00000000e+00 
 1.80000000e+00  2.64038873e-07  1.80000000e+00  1.80000000e+00  1.80000000e+00  1.80000000e+00  1.80000000e+00  1.80000000e+00  0.00000000e+00 
 0.00000000e+00  2.72790958e-07  0.00000000e+00  0.00000000e+00  0.00000000e+00  0.00000000e+00  0.00000000e+00  0.00000000e+00  1.80000000e+00 
 1.80000000e+00  2.78194916e-07  1.80000000e+00  0.00000000e+00  0.00000000e+00  0.00000000e+00  0.00000000e+00  0.00000000e+00  1.80000000e+00 
 0.00000000e+00  2.82347826e-07  0.00000000e+00  1.80000000e+00  0.00000000e+00  0.00000000e+00  0.00000000e+00  0.00000000e+00  1.80000000e+00 
 1.80000000e+00  2.87751480e-07  1.80000000e+00  1.80000000e+00  0.00000000e+00  0.00000000e+00  0.00000000e+00  0.00000000e+00  1.80000000e+00 
 0.00000000e+00  2.90344305e-07  0.00000000e+00  0.00000000e+00  1.80000000e+00  0.00000000e+00  0.00000000e+00  0.00000000e+00  1.80000000e+00 
 1.80000000e+00  2.95748031e-07  1.80000000e+00  0.00000000e+00  1.80000000e+00  0.00000000e+00  0.00000000e+00  0.00000000e+00  1.80000000e+00 
 0.00000000e+00  2.99901174e-07  0.00000000e+00  1.80000000e+00  1.80000000e+00  0.00000000e+00  0.00000000e+00  0.00000000e+00  1.80000000e+00 
 1.80000000e+00  3.05305132e-07  1.80000000e+00  1.80000000e+00  1.80000000e+00  0.00000000e+00  0.00000000e+00  0.00000000e+00  1.80000000e+00 
 0.00000000e+00  3.06153698e-07  0.00000000e+00  0.00000000e+00  0.00000000e+00  1.80000000e+00  0.00000000e+00  0.00000000e+00  1.80000000e+00 
 1.80000000e+00  3.11557656e-07  1.80000000e+00  0.00000000e+00  0.00000000e+00  1.80000000e+00  0.00000000e+00  0.00000000e+00  1.80000000e+00 
 0.00000000e+00  3.15710566e-07  0.00000000e+00  1.80000000e+00  0.00000000e+00  1.80000000e+00  0.00000000e+00  0.00000000e+00  1.80000000e+00 
 1.80000000e+00  3.21114523e-07  1.80000000e+00  1.80000000e+00  0.00000000e+00  1.80000000e+00  0.00000000e+00  0.00000000e+00  1.80000000e+00 
 0.00000000e+00  3.23707045e-07  0.00000000e+00  0.00000000e+00  1.80000000e+00  1.80000000e+00  0.00000000e+00  0.00000000e+00  1.80000000e+00 
 1.80000000e+00  3.29111003e-07  1.80000000e+00  0.00000000e+00  1.80000000e+00  1.80000000e+00  0.00000000e+00  0.00000000e+00  1.80000000e+00 
 0.00000000e+00  3.33263914e-07  0.00000000e+00  1.80000000e+00  1.80000000e+00  1.80000000e+00  0.00000000e+00  0.00000000e+00  1.80000000e+00 
 1.80000000e+00  3.38667872e-07  1.80000000e+00  1.80000000e+00  1.80000000e+00  1.80000000e+00  0.00000000e+00  0.00000000e+00  1.80000000e+00 
 0.00000000e+00  3.38358060e-07  0.00000000e+00  0.00000000e+00  0.00000000e+00  0.00000000e+00  1.80000000e+00  0.00000000e+00  1.80000000e+00 
 1.80000000e+00  3.43762018e-07  1.80000000e+00  0.00000000e+00  0.00000000e+00  0.00000000e+00  1.80000000e+00  0.00000000e+00  1.80000000e+00 
 0.00000000e+00  3.47914928e-07  0.00000000e+00  1.80000000e+00  0.00000000e+00  0.00000000e+00  1.80000000e+00  0.00000000e+00  1.80000000e+00 
 1.80000000e+00  3.53318886e-07  1.80000000e+00  1.80000000e+00  0.00000000e+00  0.00000000e+00  1.80000000e+00  0.00000000e+00  1.80000000e+00 
 0.00000000e+00  3.55911408e-07  0.00000000e+00  0.00000000e+00  1.80000000e+00  0.00000000e+00  1.80000000e+00  0.00000000e+00  1.80000000e+00 
 1.80000000e+00  3.61314872e-07  1.80000000e+00  0.00000000e+00  1.80000000e+00  0.00000000e+00  1.80000000e+00  0.00000000e+00  1.80000000e+00 
 0.00000000e+00  3.65468276e-07  0.00000000e+00  1.80000000e+00  1.80000000e+00  0.00000000e+00  1.80000000e+00  0.00000000e+00  1.80000000e+00 
 1.80000000e+00  3.70872234e-07  1.80000000e+00  1.80000000e+00  1.80000000e+00  0.00000000e+00  1.80000000e+00  0.00000000e+00  1.80000000e+00 
 0.00000000e+00  3.71720800e-07  0.00000000e+00  0.00000000e+00  0.00000000e+00  1.80000000e+00  1.80000000e+00  0.00000000e+00  1.80000000e+00 
 1.80000000e+00  3.77124757e-07  1.80000000e+00  0.00000000e+00  0.00000000e+00  1.80000000e+00  1.80000000e+00  0.00000000e+00  1.80000000e+00 
 0.00000000e+00  3.81277668e-07  0.00000000e+00  1.80000000e+00  0.00000000e+00  1.80000000e+00  1.80000000e+00  0.00000000e+00  1.80000000e+00 
 1.80000000e+00  3.86681626e-07  1.80000000e+00  1.80000000e+00  0.00000000e+00  1.80000000e+00  1.80000000e+00  0.00000000e+00  1.80000000e+00 
 0.00000000e+00  3.89274139e-07  0.00000000e+00  0.00000000e+00  1.80000000e+00  1.80000000e+00  1.80000000e+00  0.00000000e+00  1.80000000e+00 
 1.80000000e+00  3.94678105e-07  1.80000000e+00  0.00000000e+00  1.80000000e+00  1.80000000e+00  1.80000000e+00  0.00000000e+00  1.80000000e+00 
 0.00000000e+00  3.98831016e-07  0.00000000e+00  1.80000000e+00  1.80000000e+00  1.80000000e+00  1.80000000e+00  0.00000000e+00  1.80000000e+00 
 1.80000000e+00  4.04234973e-07  1.80000000e+00  1.80000000e+00  1.80000000e+00  1.80000000e+00  1.80000000e+00  0.00000000e+00  1.80000000e+00 
 0.00000000e+00  4.05373076e-07  0.00000000e+00  0.00000000e+00  0.00000000e+00  0.00000000e+00  0.00000000e+00  1.80000000e+00  1.80000000e+00 
 1.80000000e+00  4.10777034e-07  1.80000000e+00  0.00000000e+00  0.00000000e+00  0.00000000e+00  0.00000000e+00  1.80000000e+00  1.80000000e+00 
 0.00000000e+00  4.14929944e-07  0.00000000e+00  1.80000000e+00  0.00000000e+00  0.00000000e+00  0.00000000e+00  1.80000000e+00  1.80000000e+00 
 1.80000000e+00  4.20333902e-07  1.80000000e+00  1.80000000e+00  0.00000000e+00  0.00000000e+00  0.00000000e+00  1.80000000e+00  1.80000000e+00 
 0.00000000e+00  4.22926423e-07  0.00000000e+00  0.00000000e+00  1.80000000e+00  0.00000000e+00  0.00000000e+00  1.80000000e+00  1.80000000e+00 
 1.80000000e+00  4.28330381e-07  1.80000000e+00  0.00000000e+00  1.80000000e+00  0.00000000e+00  0.00000000e+00  1.80000000e+00  1.80000000e+00 
 0.00000000e+00  4.32483292e-07  0.00000000e+00  1.80000000e+00  1.80000000e+00  0.00000000e+00  0.00000000e+00  1.80000000e+00  1.80000000e+00 
 1.80000000e+00  4.37887250e-07  1.80000000e+00  1.80000000e+00  1.80000000e+00  0.00000000e+00  0.00000000e+00  1.80000000e+00  1.80000000e+00 
 0.00000000e+00  4.38735816e-07  0.00000000e+00  0.00000000e+00  0.00000000e+00  1.80000000e+00  0.00000000e+00  1.80000000e+00  1.80000000e+00 
 1.80000000e+00  4.44139774e-07  1.80000000e+00  0.00000000e+00  0.00000000e+00  1.80000000e+00  0.00000000e+00  1.80000000e+00  1.80000000e+00 
 0.00000000e+00  4.48292684e-07  0.00000000e+00  1.80000000e+00  0.00000000e+00  1.80000000e+00  0.00000000e+00  1.80000000e+00  1.80000000e+00 
 1.80000000e+00  4.53696642e-07  1.80000000e+00  1.80000000e+00  0.00000000e+00  1.80000000e+00  0.00000000e+00  1.80000000e+00  1.80000000e+00 
 0.00000000e+00  4.56289163e-07  0.00000000e+00  0.00000000e+00  1.80000000e+00  1.80000000e+00  0.00000000e+00  1.80000000e+00  1.80000000e+00 
 1.80000000e+00  4.61693121e-07  1.80000000e+00  0.00000000e+00  1.80000000e+00  1.80000000e+00  0.00000000e+00  1.80000000e+00  1.80000000e+00 
 0.00000000e+00  4.65846032e-07  0.00000000e+00  1.80000000e+00  1.80000000e+00  1.80000000e+00  0.00000000e+00  1.80000000e+00  1.80000000e+00 
 1.80000000e+00  4.71249990e-07  1.80000000e+00  1.80000000e+00  1.80000000e+00  1.80000000e+00  0.00000000e+00  1.80000000e+00  1.80000000e+00 
 0.00000000e+00  4.70940178e-07  0.00000000e+00  0.00000000e+00  0.00000000e+00  0.00000000e+00  1.80000000e+00  1.80000000e+00  1.80000000e+00 
 1.80000000e+00  4.76344136e-07  1.80000000e+00  0.00000000e+00  0.00000000e+00  0.00000000e+00  1.80000000e+00  1.80000000e+00  1.80000000e+00 
 0.00000000e+00  4.80497046e-07  0.00000000e+00  1.80000000e+00  0.00000000e+00  0.00000000e+00  1.80000000e+00  1.80000000e+00  1.80000000e+00 
 1.80000000e+00  4.85901204e-07  1.80000000e+00  1.80000000e+00  0.00000000e+00  0.00000000e+00  1.80000000e+00  1.80000000e+00  1.80000000e+00 
 0.00000000e+00  4.88493526e-07  0.00000000e+00  0.00000000e+00  1.80000000e+00  0.00000000e+00  1.80000000e+00  1.80000000e+00  1.80000000e+00 
 1.80000000e+00  4.93897483e-07  1.80000000e+00  0.00000000e+00  1.80000000e+00  0.00000000e+00  1.80000000e+00  1.80000000e+00  1.80000000e+00 
 0.00000000e+00  4.98050394e-07  0.00000000e+00  1.80000000e+00  1.80000000e+00  0.00000000e+00  1.80000000e+00  1.80000000e+00  1.80000000e+00 
 1.80000000e+00  5.03454352e-07  1.80000000e+00  1.80000000e+00  1.80000000e+00  0.00000000e+00  1.80000000e+00  1.80000000e+00  1.80000000e+00 
 0.00000000e+00  5.04302918e-07  0.00000000e+00  0.00000000e+00  0.00000000e+00  1.80000000e+00  1.80000000e+00  1.80000000e+00  1.80000000e+00 
 1.80000000e+00  5.09706876e-07  1.80000000e+00  0.00000000e+00  0.00000000e+00  1.80000000e+00  1.80000000e+00  1.80000000e+00  1.80000000e+00 
 0.00000000e+00  5.13859786e-07  0.00000000e+00  1.80000000e+00  0.00000000e+00  1.80000000e+00  1.80000000e+00  1.80000000e+00  1.80000000e+00 
 1.80000000e+00  5.19263744e-07  1.80000000e+00  1.80000000e+00  0.00000000e+00  1.80000000e+00  1.80000000e+00  1.80000000e+00  1.80000000e+00 
 0.00000000e+00  5.21856265e-07  0.00000000e+00  0.00000000e+00  1.80000000e+00  1.80000000e+00  1.80000000e+00  1.80000000e+00  1.80000000e+00 
 1.80000000e+00  5.27260223e-07  1.80000000e+00  0.00000000e+00  1.80000000e+00  1.80000000e+00  1.80000000e+00  1.80000000e+00  1.80000000e+00 
 0.00000000e+00  5.31413134e-07  0.00000000e+00  1.80000000e+00  1.80000000e+00  1.80000000e+00  1.80000000e+00  1.80000000e+00  1.80000000e+00 
 1.80000000e+00  5.36817092e-07  1.80000000e+00  1.80000000e+00  1.80000000e+00  1.80000000e+00  1.80000000e+00  1.80000000e+00  1.80000000e+00 
