 v-sweep         i(Vout)        
 0.00000000e+00  7.83838571e-06 
 1.00000000e-02  7.74428756e-06 
 2.00000000e-02  7.64911395e-06 
 3.00000000e-02  7.55345099e-06 
 4.00000000e-02  7.45609501e-06 
 5.00000000e-02  7.35756193e-06 
 6.00000000e-02  7.25782062e-06 
 7.00000000e-02  7.15683314e-06 
 8.00000000e-02  7.05456155e-06 
 9.00000000e-02  6.95096839e-06 
 1.00000000e-01  6.84601731e-06 
 1.10000000e-01  6.73967367e-06 
 1.20000000e-01  6.63190509e-06 
 1.30000000e-01  6.52268152e-06 
 1.40000000e-01  6.41197494e-06 
 1.50000000e-01  6.29975887e-06 
 1.60000000e-01  6.18600800e-06 
 1.70000000e-01  6.07069805e-06 
 1.80000000e-01  5.95380582e-06 
 1.90000000e-01  5.83530926e-06 
 2.00000000e-01  5.71518751e-06 
 2.10000000e-01  5.59342127e-06 
 2.20000000e-01  5.46999359e-06 
 2.30000000e-01  5.34489031e-06 
 2.40000000e-01  5.21809994e-06 
 2.50000000e-01  5.08961393e-06 
 2.60000000e-01  4.95942857e-06 
 2.70000000e-01  4.82754771e-06 
 2.80000000e-01  4.69398422e-06 
 2.90000000e-01  4.55875943e-06 
 3.00000000e-01  4.42190295e-06 
 3.10000000e-01  4.28345616e-06 
 3.20000000e-01  4.14348026e-06 
 3.30000000e-01  4.00206529e-06 
 3.40000000e-01  3.85933512e-06 
 3.50000000e-01  3.71544650e-06 
 3.60000000e-01  3.57058724e-06 
 3.70000000e-01  3.42498288e-06 
 3.80000000e-01  3.27891733e-06 
 3.90000000e-01  3.13276186e-06 
 4.00000000e-01  2.98699509e-06 
 4.10000000e-01  2.84219311e-06 
 4.20000000e-01  2.69898149e-06 
 4.30000000e-01  2.55796523e-06 
 4.40000000e-01  2.41966903e-06 
 4.50000000e-01  2.28451003e-06 
 4.60000000e-01  2.15280134e-06 
 4.70000000e-01  2.02477158e-06 
 4.80000000e-01  1.90251988e-06 
 4.90000000e-01  1.78236110e-06 
 5.00000000e-01  1.66624627e-06 
 5.10000000e-01  1.55424962e-06 
 5.20000000e-01  1.44642878e-06 
 5.30000000e-01  1.34282918e-06 
 5.40000000e-01  1.24348684e-06 
 5.50000000e-01  1.14843006e-06 
 5.60000000e-01  1.05768036e-06 
 5.70000000e-01  9.71252742e-07 
 5.80000000e-01  8.89155555e-07 
 5.90000000e-01  8.11390008e-07 
 6.00000000e-01  7.37949346e-07 
 6.10000000e-01  6.68817808e-07 
 6.20000000e-01  6.03969366e-07 
 6.30000000e-01  5.43366326e-07 
 6.40000000e-01  4.86957829e-07 
 6.50000000e-01  4.34678339e-07 
 6.60000000e-01  3.86446218e-07 
 6.70000000e-01  3.42162483e-07 
 6.80000000e-01  3.01709892e-07 
 6.90000000e-01  2.64952484e-07 
 7.00000000e-01  2.31735700e-07 
 7.10000000e-01  2.01887199e-07 
 7.20000000e-01  1.75218433e-07 
 7.30000000e-01  1.51526982e-07 
 7.40000000e-01  1.30599609e-07 
 7.50000000e-01  1.12215873e-07 
 7.60000000e-01  9.61521294e-08 
 7.70000000e-01  8.21856529e-08 
 7.80000000e-01  7.00986294e-08 
 7.90000000e-01  5.96817732e-08 
 8.00000000e-01  5.07373668e-08 
 8.10000000e-01  4.30815895e-08 
 8.20000000e-01  3.65460808e-08 
 8.30000000e-01  3.09787510e-08 
 8.40000000e-01  2.62439156e-08 
 8.50000000e-01  2.22218676e-08 
 8.60000000e-01  1.88080224e-08 
 8.70000000e-01  1.59117697e-08 
 8.80000000e-01  1.34551567e-08 
 8.90000000e-01  1.13715039e-08 
 9.00000000e-01  9.60403367e-09 
 9.10000000e-01  8.10456646e-09 
 9.20000000e-01  6.83231855e-09 
 9.30000000e-01  5.75282186e-09 
 9.40000000e-01  4.83696945e-09 
 9.50000000e-01  4.06018582e-09 
 9.60000000e-01  3.40171254e-09 
 9.70000000e-01  2.84399902e-09 
 9.80000000e-01  2.37218621e-09 
 9.90000000e-01  1.97367102e-09 
 1.00000000e+00  1.63774020e-09 
 1.01000000e+00  1.35526384e-09 
 1.02000000e+00  1.11843901e-09 
 1.03000000e+00  9.20576873e-10 
 1.04000000e+00  7.55926320e-10 
 1.05000000e+00  6.19528121e-10 
 1.06000000e+00  5.07096500e-10 
 1.07000000e+00  4.14921785e-10 
 1.08000000e+00  3.39791615e-10 
 1.09000000e+00  2.78927082e-10 
 1.10000000e+00  2.29930249e-10 
 1.11000000e+00  1.90740285e-10 
 1.12000000e+00  1.59595928e-10 
 1.13000000e+00  1.35002396e-10 
 1.14000000e+00  1.15701030e-10 
 1.15000000e+00  1.00641591e-10 
 1.16000000e+00  8.89556987e-11 
 1.17000000e+00  7.99323830e-11 
 1.18000000e+00  7.20380669e-11 
 1.19000000e+00  6.69389382e-11 
 1.20000000e+00  6.30491785e-11 
 1.21000000e+00  6.00868002e-11 
 1.22000000e+00  5.78313841e-11 
 1.23000000e+00  5.61123724e-11 
 1.24000000e+00  5.47987176e-11 
 1.25000000e+00  5.37905264e-11 
 1.26000000e+00  5.30120230e-11 
 1.27000000e+00  5.24062162e-11 
 1.28000000e+00  5.19305503e-11 
 1.29000000e+00  5.15531959e-11 
 1.30000000e+00  5.12507620e-11 
 1.31000000e+00  5.10060128e-11 
 1.32000000e+00  5.08064242e-11 
 1.33000000e+00  5.06427559e-11 
 1.34000000e+00  5.05083298e-11 
 1.35000000e+00  5.03981172e-11 
 1.36000000e+00  5.03082781e-11 
 1.37000000e+00  5.02356597e-11 
 1.38000000e+00  5.01775836e-11 
 1.39000000e+00  5.01316840e-11 
 1.40000000e+00  5.00958373e-11 
 1.41000000e+00  5.00681683e-11 
 1.42000000e+00  5.00470005e-11 
 1.43000000e+00  5.00309828e-11 
 1.44000000e+00  5.00189344e-11 
 1.45000000e+00  5.00099578e-11 
 1.46000000e+00  5.00033125e-11 
 1.47000000e+00  4.99984310e-11 
 1.48000000e+00  4.99948698e-11 
 1.49000000e+00  4.99923115e-11 
 1.50000000e+00  4.99905217e-11 
 1.51000000e+00  4.99892801e-11 
 1.52000000e+00  4.99884702e-11 
 1.53000000e+00  4.99879700e-11 
 1.54000000e+00  4.99877434e-11 
 1.55000000e+00  4.99876903e-11 
 1.56000000e+00  4.99877975e-11 
 1.57000000e+00  4.99880381e-11 
 1.58000000e+00  4.99883863e-11 
 1.59000000e+00  4.99888141e-11 
 1.60000000e+00  4.99893261e-11 
 1.61000000e+00  4.99899108e-11 
 1.62000000e+00  4.99905675e-11 
 1.63000000e+00  4.99912923e-11 
 1.64000000e+00  4.99920876e-11 
 1.65000000e+00  4.99929530e-11 
 1.66000000e+00  4.99938869e-11 
 1.67000000e+00  4.99948985e-11 
 1.68000000e+00  4.99959878e-11 
 1.69000000e+00  4.99971567e-11 
 1.70000000e+00  4.99984092e-11 
 1.71000000e+00  4.99997526e-11 
 1.72000000e+00  5.00011853e-11 
 1.73000000e+00  5.00027190e-11 
 1.74000000e+00  5.00043542e-11 
 1.75000000e+00  5.00061007e-11 
 1.76000000e+00  5.00079577e-11 
 1.77000000e+00  5.00099258e-11 
 1.78000000e+00  5.00120296e-11 
 1.79000000e+00  5.00142660e-11 
 1.80000000e+00  5.00166425e-11 
