 v-sweep         i(V2)          
 0.00000000e+00 -3.85759697e-22 
 1.00000000e-02 -1.34522814e-07 
 2.00000000e-02 -2.58295307e-07 
 3.00000000e-02 -3.71237494e-07 
 4.00000000e-02 -4.73287879e-07 
 5.00000000e-02 -5.64419124e-07 
 6.00000000e-02 -6.44661781e-07 
 7.00000000e-02 -7.14139022e-07 
 8.00000000e-02 -7.73113322e-07 
 9.00000000e-02 -8.22041340e-07 
 1.00000000e-01 -8.61623344e-07 
 1.10000000e-01 -8.92822020e-07 
 1.20000000e-01 -9.16822961e-07 
 1.30000000e-01 -9.34929719e-07 
 1.40000000e-01 -9.48423779e-07 
 1.50000000e-01 -9.58442519e-07 
 1.60000000e-01 -9.65913016e-07 
 1.70000000e-01 -9.72362749e-07 
 1.80000000e-01 -9.76440995e-07 
 1.90000000e-01 -9.79636259e-07 
 2.00000000e-01 -9.82190387e-07 
 2.10000000e-01 -9.84272410e-07 
 2.20000000e-01 -9.86001605e-07 
 2.30000000e-01 -9.87463154e-07 
 2.40000000e-01 -9.88718652e-07 
 2.50000000e-01 -9.89813196e-07 
 2.60000000e-01 -9.90780179e-07 
 2.70000000e-01 -9.91644593e-07 
 2.80000000e-01 -9.92425311e-07 
 2.90000000e-01 -9.93136689e-07 
 3.00000000e-01 -9.93789700e-07 
 3.10000000e-01 -9.94392750e-07 
 3.20000000e-01 -9.94952263e-07 
 3.30000000e-01 -9.95473115e-07 
 3.40000000e-01 -9.95958955e-07 
 3.50000000e-01 -9.96412446e-07 
 3.60000000e-01 -9.96835451e-07 
 3.70000000e-01 -9.97229186e-07 
 3.80000000e-01 -9.97594345e-07 
 3.90000000e-01 -9.97931206e-07 
 4.00000000e-01 -9.98239741e-07 
 4.10000000e-01 -9.98519720e-07 
 4.20000000e-01 -9.98770818e-07 
 4.30000000e-01 -9.98992741e-07 
 4.40000000e-01 -9.99185376e-07 
 4.50000000e-01 -9.99348969e-07 
 4.60000000e-01 -9.99484338e-07 
 4.70000000e-01 -9.99593089e-07 
 4.80000000e-01 -9.99677756e-07 
 4.90000000e-01 -9.99741749e-07 
 5.00000000e-01 -9.99789016e-07 
 5.10000000e-01 -9.99823511e-07 
 5.20000000e-01 -9.99848700e-07 
 5.30000000e-01 -9.99867305e-07 
 5.40000000e-01 -9.99881306e-07 
 5.50000000e-01 -9.99892081e-07 
 5.60000000e-01 -9.99900571e-07 
 5.70000000e-01 -9.99907423e-07 
 5.80000000e-01 -9.99913080e-07 
 5.90000000e-01 -9.99917854e-07 
 6.00000000e-01 -9.99921963e-07 
 6.10000000e-01 -9.99925567e-07 
 6.20000000e-01 -9.99928780e-07 
 6.30000000e-01 -9.99931687e-07 
 6.40000000e-01 -9.99934352e-07 
 6.50000000e-01 -9.99936823e-07 
 6.60000000e-01 -9.99939137e-07 
 6.70000000e-01 -9.99941323e-07 
 6.80000000e-01 -9.99943404e-07 
 6.90000000e-01 -9.99945397e-07 
 7.00000000e-01 -9.99947316e-07 
 7.10000000e-01 -9.99949173e-07 
 7.20000000e-01 -9.99950978e-07 
 7.30000000e-01 -9.99952738e-07 
 7.40000000e-01 -9.99954459e-07 
 7.50000000e-01 -9.99956147e-07 
 7.60000000e-01 -9.99957805e-07 
 7.70000000e-01 -9.99959438e-07 
 7.80000000e-01 -9.99961049e-07 
 7.90000000e-01 -9.99962640e-07 
 8.00000000e-01 -9.99964214e-07 
 8.10000000e-01 -9.99965772e-07 
 8.20000000e-01 -9.99967316e-07 
 8.30000000e-01 -9.99968847e-07 
 8.40000000e-01 -9.99970368e-07 
 8.50000000e-01 -9.99971879e-07 
 8.60000000e-01 -9.99973380e-07 
 8.70000000e-01 -9.99974873e-07 
 8.80000000e-01 -9.99976358e-07 
 8.90000000e-01 -9.99977837e-07 
 9.00000000e-01 -9.99979309e-07 
 9.10000000e-01 -9.99980776e-07 
 9.20000000e-01 -9.99982237e-07 
 9.30000000e-01 -9.99983693e-07 
 9.40000000e-01 -9.99985144e-07 
 9.50000000e-01 -9.99986592e-07 
 9.60000000e-01 -9.99988035e-07 
 9.70000000e-01 -9.99989475e-07 
 9.80000000e-01 -9.99990911e-07 
 9.90000000e-01 -9.99992344e-07 
 1.00000000e+00 -9.99993774e-07 
 1.01000000e+00 -9.99995202e-07 
 1.02000000e+00 -9.99996626e-07 
 1.03000000e+00 -9.99998048e-07 
 1.04000000e+00 -9.99999468e-07 
 1.05000000e+00 -1.00000089e-06 
 1.06000000e+00 -1.00000230e-06 
 1.07000000e+00 -1.00000371e-06 
 1.08000000e+00 -1.00000513e-06 
 1.09000000e+00 -1.00000653e-06 
 1.10000000e+00 -1.00000794e-06 
 1.11000000e+00 -1.00000935e-06 
 1.12000000e+00 -1.00001075e-06 
 1.13000000e+00 -1.00001216e-06 
 1.14000000e+00 -1.00001356e-06 
 1.15000000e+00 -1.00001496e-06 
 1.16000000e+00 -1.00001636e-06 
 1.17000000e+00 -1.00001775e-06 
 1.18000000e+00 -1.00001915e-06 
 1.19000000e+00 -1.00002055e-06 
 1.20000000e+00 -1.00002194e-06 
 1.21000000e+00 -1.00002333e-06 
 1.22000000e+00 -1.00002473e-06 
 1.23000000e+00 -1.00002612e-06 
 1.24000000e+00 -1.00002751e-06 
 1.25000000e+00 -1.00002890e-06 
 1.26000000e+00 -1.00003029e-06 
 1.27000000e+00 -1.00003168e-06 
 1.28000000e+00 -1.00003307e-06 
 1.29000000e+00 -1.00003445e-06 
 1.30000000e+00 -1.00003584e-06 
 1.31000000e+00 -1.00003723e-06 
 1.32000000e+00 -1.00003862e-06 
 1.33000000e+00 -1.00004001e-06 
 1.34000000e+00 -1.00004140e-06 
 1.35000000e+00 -1.00004279e-06 
 1.36000000e+00 -1.00004419e-06 
 1.37000000e+00 -1.00004558e-06 
 1.38000000e+00 -1.00004698e-06 
 1.39000000e+00 -1.00004838e-06 
 1.40000000e+00 -1.00004979e-06 
 1.41000000e+00 -1.00005120e-06 
 1.42000000e+00 -1.00005261e-06 
 1.43000000e+00 -1.00005403e-06 
 1.44000000e+00 -1.00005546e-06 
 1.45000000e+00 -1.00005689e-06 
 1.46000000e+00 -1.00005834e-06 
 1.47000000e+00 -1.00005979e-06 
 1.48000000e+00 -1.00006125e-06 
 1.49000000e+00 -1.00006273e-06 
 1.50000000e+00 -1.00006422e-06 
 1.51000000e+00 -1.00006573e-06 
 1.52000000e+00 -1.00006726e-06 
 1.53000000e+00 -1.00006880e-06 
 1.54000000e+00 -1.00007037e-06 
 1.55000000e+00 -1.00007196e-06 
 1.56000000e+00 -1.00007358e-06 
 1.57000000e+00 -1.00007523e-06 
 1.58000000e+00 -1.00007691e-06 
 1.59000000e+00 -1.00007863e-06 
 1.60000000e+00 -1.00008039e-06 
 1.61000000e+00 -1.00008219e-06 
 1.62000000e+00 -1.00008404e-06 
 1.63000000e+00 -1.00008594e-06 
 1.64000000e+00 -1.00008789e-06 
 1.65000000e+00 -1.00008991e-06 
 1.66000000e+00 -1.00009199e-06 
 1.67000000e+00 -1.00009414e-06 
 1.68000000e+00 -1.00009636e-06 
 1.69000000e+00 -1.00009867e-06 
 1.70000000e+00 -1.00010107e-06 
 1.71000000e+00 -1.00010356e-06 
 1.72000000e+00 -1.00010615e-06 
 1.73000000e+00 -1.00010885e-06 
 1.74000000e+00 -1.00011167e-06 
 1.75000000e+00 -1.00011461e-06 
 1.76000000e+00 -1.00011768e-06 
 1.77000000e+00 -1.00012089e-06 
 1.78000000e+00 -1.00012426e-06 
 1.79000000e+00 -1.00012778e-06 
 1.80000000e+00 -1.00013148e-06 
